# Pathway	10_S11_L002_R1_001_Abundance
UNMAPPED	727426.7064218484
UNINTEGRATED	1643607.0192748732
UNINTEGRATED|g__Prevotella.s__Prevotella_copri	388359.7394275205
UNINTEGRATED|g__Bifidobacterium.s__Bifidobacterium_adolescentis	165900.3814505564
UNINTEGRATED|unclassified	137675.2844532802
UNINTEGRATED|g__Prevotella.s__Prevotella_sp_AM42_24	109714.1396632138
UNINTEGRATED|g__Faecalibacterium.s__Faecalibacterium_prausnitzii	86460.6797138971
UNINTEGRATED|g__Prevotella.s__Prevotella_sp_CAG_5226	31970.6073572664
UNINTEGRATED|g__Prevotella.s__Prevotella_sp_CAG_732	30761.9093141411
UNINTEGRATED|g__Collinsella.s__Collinsella_aerofaciens	29518.6672859544
UNINTEGRATED|g__Prevotella.s__Prevotella_sp_CAG_386	22704.0170807634
UNINTEGRATED|g__Coprococcus.s__Coprococcus_eutactus	22528.9363341585
UNINTEGRATED|g__Phascolarctobacterium.s__Phascolarctobacterium_succinatutens	20617.9928712769
UNINTEGRATED|g__Succinatimonas.s__Succinatimonas_sp_CAG_777	20514.6260489885
UNINTEGRATED|g__Dorea.s__Dorea_longicatena	19616.3930835152
UNINTEGRATED|g__Blautia.s__Ruminococcus_torques	19246.1417623364
UNINTEGRATED|g__Roseburia.s__Roseburia_faecis	18622.2540985879
UNINTEGRATED|g__Firmicutes_unclassified.s__Firmicutes_bacterium_CAG_65_45_313	18451.3404292873
UNINTEGRATED|g__Blautia.s__Blautia_obeum	17227.1685178584
UNINTEGRATED|g__Prevotella.s__Prevotella_sp_CAG_520	16214.6963227138
UNINTEGRATED|g__Blautia.s__Blautia_sp	15688.4723389026
UNINTEGRATED|g__Bifidobacterium.s__Bifidobacterium_longum	15191.0535069430
UNINTEGRATED|g__Anaerostipes.s__Anaerostipes_hadrus	15144.1442049207
UNINTEGRATED|g__Ruminococcus.s__Ruminococcus_sp_CAG_330	14457.4711179070
UNINTEGRATED|g__Eubacterium.s__Eubacterium_hallii	13507.2948756951
UNINTEGRATED|g__Lactobacillus.s__Lactobacillus_ruminis	13338.0310456230
UNINTEGRATED|g__Prevotella.s__Prevotella_sp_CAG_1092	12902.9657671199
UNINTEGRATED|g__Prevotella.s__Prevotella_sp_885	12790.2715664749
UNINTEGRATED|g__Clostridium.s__Clostridium_sp_CAG_217	12191.8237454688
UNINTEGRATED|g__Lachnospiraceae_unclassified.s__Eubacterium_rectale	11026.3149386099
UNINTEGRATED|g__Prevotella.s__Prevotella_stercorea	9990.6804582908
UNINTEGRATED|g__Holdemanella.s__Holdemanella_biformis	9038.4549690342
UNINTEGRATED|g__Bifidobacterium.s__Bifidobacterium_catenulatum	9002.5709074264
UNINTEGRATED|g__Dorea.s__Dorea_formicigenerans	6979.0444389172
UNINTEGRATED|g__Firmicutes_unclassified.s__Firmicutes_bacterium_CAG_176	6748.1817168972
UNINTEGRATED|g__Blautia.s__Blautia_wexlerae	6582.5404559023
UNINTEGRATED|g__Agathobaculum.s__Agathobaculum_butyriciproducens	6492.4707358312
UNINTEGRATED|g__Clostridium.s__Clostridium_sp_44_14	5403.3124891528
UNINTEGRATED|g__Catenibacterium.s__Catenibacterium_mitsuokai	5138.8314298209
UNINTEGRATED|g__Ruminococcus.s__Ruminococcus_sp_CAG_177	4438.7985612027
UNINTEGRATED|g__Gemmiger.s__Gemmiger_formicilis	4425.8466563619
UNINTEGRATED|g__Roseburia.s__Roseburia_hominis	4406.0573446418
UNINTEGRATED|g__Bifidobacterium.s__Bifidobacterium_pseudocatenulatum	4151.8919353220
UNINTEGRATED|g__Coprococcus.s__Coprococcus_catus	3959.9930836026
UNINTEGRATED|g__Lachnospira.s__Lachnospira_pectinoschiza	3260.6809810785
UNINTEGRATED|g__Eubacterium.s__Eubacterium_sp_36_13	3151.0003962110
UNINTEGRATED|g__Ruminococcus.s__Ruminococcus_lactaris	3025.0050577362
UNINTEGRATED|g__Sutterella.s__Sutterella_sp_CAG_397	3023.7669439789
UNINTEGRATED|g__Streptococcus.s__Streptococcus_thermophilus	2635.6608298841
UNINTEGRATED|g__Roseburia.s__Roseburia_inulinivorans	2454.9669094083
UNINTEGRATED|g__Coprococcus.s__Coprococcus_comes	2082.0943665166
UNINTEGRATED|g__Streptococcus.s__Streptococcus_salivarius	487.9012360346
DTDPRHAMSYN-PWY: dTDP-&beta;-L-rhamnose biosynthesis	1867.3956324621
DTDPRHAMSYN-PWY: dTDP-&beta;-L-rhamnose biosynthesis|g__Prevotella.s__Prevotella_copri	540.7959103750
DTDPRHAMSYN-PWY: dTDP-&beta;-L-rhamnose biosynthesis|unclassified	239.1480980310
DTDPRHAMSYN-PWY: dTDP-&beta;-L-rhamnose biosynthesis|g__Collinsella.s__Collinsella_aerofaciens	164.3426347469
DTDPRHAMSYN-PWY: dTDP-&beta;-L-rhamnose biosynthesis|g__Prevotella.s__Prevotella_sp_AM42_24	133.9876918283
DTDPRHAMSYN-PWY: dTDP-&beta;-L-rhamnose biosynthesis|g__Faecalibacterium.s__Faecalibacterium_prausnitzii	94.3926283852
DTDPRHAMSYN-PWY: dTDP-&beta;-L-rhamnose biosynthesis|g__Bifidobacterium.s__Bifidobacterium_adolescentis	53.8141623366
DTDPRHAMSYN-PWY: dTDP-&beta;-L-rhamnose biosynthesis|g__Prevotella.s__Prevotella_sp_CAG_5226	39.4960254190
DTDPRHAMSYN-PWY: dTDP-&beta;-L-rhamnose biosynthesis|g__Succinatimonas.s__Succinatimonas_sp_CAG_777	35.0832758774
DTDPRHAMSYN-PWY: dTDP-&beta;-L-rhamnose biosynthesis|g__Prevotella.s__Prevotella_sp_CAG_732	32.3175551067
DTDPRHAMSYN-PWY: dTDP-&beta;-L-rhamnose biosynthesis|g__Prevotella.s__Prevotella_sp_CAG_386	31.4392697372
DTDPRHAMSYN-PWY: dTDP-&beta;-L-rhamnose biosynthesis|g__Firmicutes_unclassified.s__Firmicutes_bacterium_CAG_65_45_313	29.5487233317
DTDPRHAMSYN-PWY: dTDP-&beta;-L-rhamnose biosynthesis|g__Blautia.s__Blautia_obeum	24.6913574669
DTDPRHAMSYN-PWY: dTDP-&beta;-L-rhamnose biosynthesis|g__Bifidobacterium.s__Bifidobacterium_pseudocatenulatum	23.5883418172
DTDPRHAMSYN-PWY: dTDP-&beta;-L-rhamnose biosynthesis|g__Roseburia.s__Roseburia_faecis	22.9946015586
DTDPRHAMSYN-PWY: dTDP-&beta;-L-rhamnose biosynthesis|g__Lactobacillus.s__Lactobacillus_ruminis	21.1472188558
DTDPRHAMSYN-PWY: dTDP-&beta;-L-rhamnose biosynthesis|g__Anaerostipes.s__Anaerostipes_hadrus	20.0418338173
DTDPRHAMSYN-PWY: dTDP-&beta;-L-rhamnose biosynthesis|g__Prevotella.s__Prevotella_sp_CAG_1092	18.3856606404
DTDPRHAMSYN-PWY: dTDP-&beta;-L-rhamnose biosynthesis|g__Ruminococcus.s__Ruminococcus_sp_CAG_330	17.9568966972
DTDPRHAMSYN-PWY: dTDP-&beta;-L-rhamnose biosynthesis|g__Dorea.s__Dorea_longicatena	17.2711878983
DTDPRHAMSYN-PWY: dTDP-&beta;-L-rhamnose biosynthesis|g__Bifidobacterium.s__Bifidobacterium_longum	16.6454674904
DTDPRHAMSYN-PWY: dTDP-&beta;-L-rhamnose biosynthesis|g__Gemmiger.s__Gemmiger_formicilis	13.7433430682
DTDPRHAMSYN-PWY: dTDP-&beta;-L-rhamnose biosynthesis|g__Prevotella.s__Prevotella_sp_CAG_520	12.3439472577
DTDPRHAMSYN-PWY: dTDP-&beta;-L-rhamnose biosynthesis|g__Prevotella.s__Prevotella_sp_885	10.7493540052
DTDPRHAMSYN-PWY: dTDP-&beta;-L-rhamnose biosynthesis|g__Blautia.s__Ruminococcus_torques	8.3268279990
DTDPRHAMSYN-PWY: dTDP-&beta;-L-rhamnose biosynthesis|g__Ruminococcus.s__Ruminococcus_sp_CAG_177	6.3048862869
DTDPRHAMSYN-PWY: dTDP-&beta;-L-rhamnose biosynthesis|g__Eubacterium.s__Eubacterium_hallii	4.7558216575
DTDPRHAMSYN-PWY: dTDP-&beta;-L-rhamnose biosynthesis|g__Dorea.s__Dorea_formicigenerans	4.5834765670
DTDPRHAMSYN-PWY: dTDP-&beta;-L-rhamnose biosynthesis|g__Clostridium.s__Clostridium_sp_44_14	4.0632709331
DTDPRHAMSYN-PWY: dTDP-&beta;-L-rhamnose biosynthesis|g__Blautia.s__Blautia_wexlerae	2.4485798237
DTDPRHAMSYN-PWY: dTDP-&beta;-L-rhamnose biosynthesis|g__Blautia.s__Blautia_sp	2.0821133450
DTDPRHAMSYN-PWY: dTDP-&beta;-L-rhamnose biosynthesis|g__Lachnospira.s__Lachnospira_pectinoschiza	1.9457618874
PWY-7221: guanosine ribonucleotides de novo biosynthesis	1703.8411678138
PWY-7221: guanosine ribonucleotides de novo biosynthesis|g__Prevotella.s__Prevotella_copri	421.9820018859
PWY-7221: guanosine ribonucleotides de novo biosynthesis|g__Bifidobacterium.s__Bifidobacterium_adolescentis	220.2542996168
PWY-7221: guanosine ribonucleotides de novo biosynthesis|g__Prevotella.s__Prevotella_sp_AM42_24	115.8125501104
PWY-7221: guanosine ribonucleotides de novo biosynthesis|unclassified	65.8411352799
PWY-7221: guanosine ribonucleotides de novo biosynthesis|g__Faecalibacterium.s__Faecalibacterium_prausnitzii	54.6398746781
PWY-7221: guanosine ribonucleotides de novo biosynthesis|g__Collinsella.s__Collinsella_aerofaciens	41.3007452162
PWY-7221: guanosine ribonucleotides de novo biosynthesis|g__Prevotella.s__Prevotella_sp_CAG_732	34.0010430812
PWY-7221: guanosine ribonucleotides de novo biosynthesis|g__Prevotella.s__Prevotella_sp_CAG_386	33.2407879578
PWY-7221: guanosine ribonucleotides de novo biosynthesis|g__Prevotella.s__Prevotella_sp_CAG_520	29.2596624932
PWY-7221: guanosine ribonucleotides de novo biosynthesis|g__Succinatimonas.s__Succinatimonas_sp_CAG_777	29.1623340472
PWY-7221: guanosine ribonucleotides de novo biosynthesis|g__Prevotella.s__Prevotella_sp_CAG_5226	28.6663213382
PWY-7221: guanosine ribonucleotides de novo biosynthesis|g__Ruminococcus.s__Ruminococcus_sp_CAG_330	23.4368036427
PWY-7221: guanosine ribonucleotides de novo biosynthesis|g__Clostridium.s__Clostridium_sp_CAG_217	22.0180852049
PWY-7221: guanosine ribonucleotides de novo biosynthesis|g__Firmicutes_unclassified.s__Firmicutes_bacterium_CAG_65_45_313	21.7134821710
PWY-7221: guanosine ribonucleotides de novo biosynthesis|g__Blautia.s__Ruminococcus_torques	21.3804209218
PWY-7221: guanosine ribonucleotides de novo biosynthesis|g__Phascolarctobacterium.s__Phascolarctobacterium_succinatutens	20.9419031075
PWY-7221: guanosine ribonucleotides de novo biosynthesis|g__Lactobacillus.s__Lactobacillus_ruminis	18.9378107311
PWY-7221: guanosine ribonucleotides de novo biosynthesis|g__Prevotella.s__Prevotella_sp_CAG_1092	16.7318850358
PWY-7221: guanosine ribonucleotides de novo biosynthesis|g__Roseburia.s__Roseburia_faecis	15.4561638353
PWY-7221: guanosine ribonucleotides de novo biosynthesis|g__Prevotella.s__Prevotella_sp_885	15.0744683255
PWY-7221: guanosine ribonucleotides de novo biosynthesis|g__Blautia.s__Blautia_sp	13.9906246734
PWY-7221: guanosine ribonucleotides de novo biosynthesis|g__Dorea.s__Dorea_longicatena	13.0932742073
PWY-7221: guanosine ribonucleotides de novo biosynthesis|g__Eubacterium.s__Eubacterium_hallii	11.7081930114
PWY-7221: guanosine ribonucleotides de novo biosynthesis|g__Anaerostipes.s__Anaerostipes_hadrus	9.6112883804
PWY-7221: guanosine ribonucleotides de novo biosynthesis|g__Blautia.s__Blautia_wexlerae	9.5256972522
PWY-7221: guanosine ribonucleotides de novo biosynthesis|g__Holdemanella.s__Holdemanella_biformis	9.4106259411
PWY-7221: guanosine ribonucleotides de novo biosynthesis|g__Bifidobacterium.s__Bifidobacterium_longum	9.3722448359
PWY-7221: guanosine ribonucleotides de novo biosynthesis|g__Clostridium.s__Clostridium_sp_44_14	8.8832487310
PWY-7221: guanosine ribonucleotides de novo biosynthesis|g__Coprococcus.s__Coprococcus_eutactus	7.8941782094
PWY-7221: guanosine ribonucleotides de novo biosynthesis|g__Catenibacterium.s__Catenibacterium_mitsuokai	7.5877889279
PWY-7221: guanosine ribonucleotides de novo biosynthesis|g__Sutterella.s__Sutterella_sp_CAG_397	7.3951799274
PWY-7221: guanosine ribonucleotides de novo biosynthesis|g__Blautia.s__Blautia_obeum	6.5265462977
PWY-7221: guanosine ribonucleotides de novo biosynthesis|g__Bifidobacterium.s__Bifidobacterium_pseudocatenulatum	4.4027277429
PWY-7221: guanosine ribonucleotides de novo biosynthesis|g__Roseburia.s__Roseburia_hominis	3.8253261834
PWY-7221: guanosine ribonucleotides de novo biosynthesis|g__Prevotella.s__Prevotella_stercorea	2.7261884478
PWY-7221: guanosine ribonucleotides de novo biosynthesis|g__Bifidobacterium.s__Bifidobacterium_catenulatum	2.1185032121
PWY-7221: guanosine ribonucleotides de novo biosynthesis|g__Coprococcus.s__Coprococcus_comes	1.3328890370
PWY-5686: UMP biosynthesis I	1584.0542973956
PWY-5686: UMP biosynthesis I|g__Prevotella.s__Prevotella_copri	370.6702718823
PWY-5686: UMP biosynthesis I|g__Bifidobacterium.s__Bifidobacterium_adolescentis	199.8911098915
PWY-5686: UMP biosynthesis I|g__Prevotella.s__Prevotella_sp_AM42_24	129.6353738902
PWY-5686: UMP biosynthesis I|unclassified	83.6330981627
PWY-5686: UMP biosynthesis I|g__Faecalibacterium.s__Faecalibacterium_prausnitzii	79.0603393470
PWY-5686: UMP biosynthesis I|g__Collinsella.s__Collinsella_aerofaciens	45.8720641178
PWY-5686: UMP biosynthesis I|g__Prevotella.s__Prevotella_sp_CAG_732	44.8043551757
PWY-5686: UMP biosynthesis I|g__Succinatimonas.s__Succinatimonas_sp_CAG_777	43.1252755203
PWY-5686: UMP biosynthesis I|g__Firmicutes_unclassified.s__Firmicutes_bacterium_CAG_65_45_313	32.3201449125
PWY-5686: UMP biosynthesis I|g__Prevotella.s__Prevotella_sp_CAG_5226	32.1497584055
PWY-5686: UMP biosynthesis I|g__Prevotella.s__Prevotella_sp_CAG_386	24.3595019526
PWY-5686: UMP biosynthesis I|g__Clostridium.s__Clostridium_sp_CAG_217	24.2444477324
PWY-5686: UMP biosynthesis I|g__Phascolarctobacterium.s__Phascolarctobacterium_succinatutens	23.9803880672
PWY-5686: UMP biosynthesis I|g__Prevotella.s__Prevotella_sp_CAG_1092	20.9984872817
PWY-5686: UMP biosynthesis I|g__Holdemanella.s__Holdemanella_biformis	19.9243879954
PWY-5686: UMP biosynthesis I|g__Blautia.s__Ruminococcus_torques	19.7660934295
PWY-5686: UMP biosynthesis I|g__Roseburia.s__Roseburia_faecis	19.5944064835
PWY-5686: UMP biosynthesis I|g__Coprococcus.s__Coprococcus_eutactus	18.6495433337
PWY-5686: UMP biosynthesis I|g__Anaerostipes.s__Anaerostipes_hadrus	17.6889162274
PWY-5686: UMP biosynthesis I|g__Blautia.s__Blautia_sp	14.7965191273
PWY-5686: UMP biosynthesis I|g__Prevotella.s__Prevotella_sp_CAG_520	14.5360136441
PWY-5686: UMP biosynthesis I|g__Dorea.s__Dorea_longicatena	12.0547062721
PWY-5686: UMP biosynthesis I|g__Bifidobacterium.s__Bifidobacterium_catenulatum	12.0267232440
PWY-5686: UMP biosynthesis I|g__Blautia.s__Blautia_wexlerae	8.5337863047
PWY-5686: UMP biosynthesis I|g__Bifidobacterium.s__Bifidobacterium_longum	8.0658417264
PWY-5686: UMP biosynthesis I|g__Blautia.s__Blautia_obeum	2.5287595517
PWY-5686: UMP biosynthesis I|g__Bifidobacterium.s__Bifidobacterium_pseudocatenulatum	1.8043264206
PWY-7790: UMP biosynthesis II	1584.0542973956
PWY-7790: UMP biosynthesis II|g__Prevotella.s__Prevotella_copri	370.6702718823
PWY-7790: UMP biosynthesis II|g__Bifidobacterium.s__Bifidobacterium_adolescentis	199.8911098915
PWY-7790: UMP biosynthesis II|g__Prevotella.s__Prevotella_sp_AM42_24	129.6353738902
PWY-7790: UMP biosynthesis II|unclassified	83.6330981627
PWY-7790: UMP biosynthesis II|g__Faecalibacterium.s__Faecalibacterium_prausnitzii	79.0603393470
PWY-7790: UMP biosynthesis II|g__Collinsella.s__Collinsella_aerofaciens	45.8720641178
PWY-7790: UMP biosynthesis II|g__Prevotella.s__Prevotella_sp_CAG_732	44.8043551757
PWY-7790: UMP biosynthesis II|g__Succinatimonas.s__Succinatimonas_sp_CAG_777	43.1252755203
PWY-7790: UMP biosynthesis II|g__Firmicutes_unclassified.s__Firmicutes_bacterium_CAG_65_45_313	32.3201449125
PWY-7790: UMP biosynthesis II|g__Prevotella.s__Prevotella_sp_CAG_5226	32.1497584055
PWY-7790: UMP biosynthesis II|g__Prevotella.s__Prevotella_sp_CAG_386	24.3595019526
PWY-7790: UMP biosynthesis II|g__Clostridium.s__Clostridium_sp_CAG_217	24.2444477324
PWY-7790: UMP biosynthesis II|g__Phascolarctobacterium.s__Phascolarctobacterium_succinatutens	23.9803880672
PWY-7790: UMP biosynthesis II|g__Prevotella.s__Prevotella_sp_CAG_1092	20.9984872817
PWY-7790: UMP biosynthesis II|g__Holdemanella.s__Holdemanella_biformis	19.9243879954
PWY-7790: UMP biosynthesis II|g__Blautia.s__Ruminococcus_torques	19.7660934295
PWY-7790: UMP biosynthesis II|g__Roseburia.s__Roseburia_faecis	19.5944064835
PWY-7790: UMP biosynthesis II|g__Coprococcus.s__Coprococcus_eutactus	18.6495433337
PWY-7790: UMP biosynthesis II|g__Anaerostipes.s__Anaerostipes_hadrus	17.6889162274
PWY-7790: UMP biosynthesis II|g__Blautia.s__Blautia_sp	14.7965191273
PWY-7790: UMP biosynthesis II|g__Prevotella.s__Prevotella_sp_CAG_520	14.5360136441
PWY-7790: UMP biosynthesis II|g__Dorea.s__Dorea_longicatena	12.0547062721
PWY-7790: UMP biosynthesis II|g__Bifidobacterium.s__Bifidobacterium_catenulatum	10.4661744108
PWY-7790: UMP biosynthesis II|g__Blautia.s__Blautia_wexlerae	8.5337863047
PWY-7790: UMP biosynthesis II|g__Blautia.s__Blautia_obeum	2.5287595517
PWY-7791: UMP biosynthesis III	1584.0542973956
PWY-7791: UMP biosynthesis III|g__Prevotella.s__Prevotella_copri	370.6702718823
PWY-7791: UMP biosynthesis III|g__Bifidobacterium.s__Bifidobacterium_adolescentis	199.8911098915
PWY-7791: UMP biosynthesis III|g__Prevotella.s__Prevotella_sp_AM42_24	129.6353738902
PWY-7791: UMP biosynthesis III|unclassified	83.6330981627
PWY-7791: UMP biosynthesis III|g__Faecalibacterium.s__Faecalibacterium_prausnitzii	79.0603393470
PWY-7791: UMP biosynthesis III|g__Collinsella.s__Collinsella_aerofaciens	45.8720641178
PWY-7791: UMP biosynthesis III|g__Prevotella.s__Prevotella_sp_CAG_732	44.8043551757
PWY-7791: UMP biosynthesis III|g__Succinatimonas.s__Succinatimonas_sp_CAG_777	43.1252755203
PWY-7791: UMP biosynthesis III|g__Firmicutes_unclassified.s__Firmicutes_bacterium_CAG_65_45_313	32.3201449125
PWY-7791: UMP biosynthesis III|g__Prevotella.s__Prevotella_sp_CAG_5226	32.1497584055
PWY-7791: UMP biosynthesis III|g__Prevotella.s__Prevotella_sp_CAG_386	24.3595019526
PWY-7791: UMP biosynthesis III|g__Clostridium.s__Clostridium_sp_CAG_217	24.2444477324
PWY-7791: UMP biosynthesis III|g__Phascolarctobacterium.s__Phascolarctobacterium_succinatutens	23.9803880672
PWY-7791: UMP biosynthesis III|g__Prevotella.s__Prevotella_sp_CAG_1092	20.9984872817
PWY-7791: UMP biosynthesis III|g__Holdemanella.s__Holdemanella_biformis	19.9243879954
PWY-7791: UMP biosynthesis III|g__Blautia.s__Ruminococcus_torques	19.7660934295
PWY-7791: UMP biosynthesis III|g__Roseburia.s__Roseburia_faecis	19.5944064835
PWY-7791: UMP biosynthesis III|g__Coprococcus.s__Coprococcus_eutactus	18.6495433337
PWY-7791: UMP biosynthesis III|g__Anaerostipes.s__Anaerostipes_hadrus	17.6889162274
PWY-7791: UMP biosynthesis III|g__Blautia.s__Blautia_sp	14.7965191273
PWY-7791: UMP biosynthesis III|g__Prevotella.s__Prevotella_sp_CAG_520	14.5360136441
PWY-7791: UMP biosynthesis III|g__Dorea.s__Dorea_longicatena	12.0547062721
PWY-7791: UMP biosynthesis III|g__Bifidobacterium.s__Bifidobacterium_catenulatum	10.4661744108
PWY-7791: UMP biosynthesis III|g__Blautia.s__Blautia_wexlerae	8.5337863047
PWY-7791: UMP biosynthesis III|g__Blautia.s__Blautia_obeum	2.5287595517
VALSYN-PWY: L-valine biosynthesis	1575.2419937300
VALSYN-PWY: L-valine biosynthesis|g__Prevotella.s__Prevotella_copri	418.9221373383
VALSYN-PWY: L-valine biosynthesis|g__Bifidobacterium.s__Bifidobacterium_adolescentis	241.3984936694
VALSYN-PWY: L-valine biosynthesis|g__Prevotella.s__Prevotella_sp_AM42_24	192.7106342049
VALSYN-PWY: L-valine biosynthesis|g__Faecalibacterium.s__Faecalibacterium_prausnitzii	85.0709650642
VALSYN-PWY: L-valine biosynthesis|g__Succinatimonas.s__Succinatimonas_sp_CAG_777	52.9312597704
VALSYN-PWY: L-valine biosynthesis|g__Prevotella.s__Prevotella_sp_CAG_386	45.6294598773
VALSYN-PWY: L-valine biosynthesis|g__Coprococcus.s__Coprococcus_eutactus	27.2976141326
VALSYN-PWY: L-valine biosynthesis|g__Prevotella.s__Prevotella_sp_CAG_1092	26.2762114918
VALSYN-PWY: L-valine biosynthesis|g__Firmicutes_unclassified.s__Firmicutes_bacterium_CAG_65_45_313	26.0022873330
VALSYN-PWY: L-valine biosynthesis|g__Blautia.s__Blautia_sp	25.9678213958
VALSYN-PWY: L-valine biosynthesis|g__Dorea.s__Dorea_longicatena	23.7107366759
VALSYN-PWY: L-valine biosynthesis|g__Clostridium.s__Clostridium_sp_CAG_217	22.6882833606
VALSYN-PWY: L-valine biosynthesis|unclassified	21.4980565001
VALSYN-PWY: L-valine biosynthesis|g__Blautia.s__Ruminococcus_torques	20.2632433326
VALSYN-PWY: L-valine biosynthesis|g__Anaerostipes.s__Anaerostipes_hadrus	19.5256768460
VALSYN-PWY: L-valine biosynthesis|g__Phascolarctobacterium.s__Phascolarctobacterium_succinatutens	17.2773603222
VALSYN-PWY: L-valine biosynthesis|g__Bifidobacterium.s__Bifidobacterium_longum	14.7124669068
VALSYN-PWY: L-valine biosynthesis|g__Bifidobacterium.s__Bifidobacterium_catenulatum	12.1637302106
VALSYN-PWY: L-valine biosynthesis|g__Roseburia.s__Roseburia_faecis	11.9567559692
VALSYN-PWY: L-valine biosynthesis|g__Prevotella.s__Prevotella_sp_885	11.4708447293
VALSYN-PWY: L-valine biosynthesis|g__Gemmiger.s__Gemmiger_formicilis	11.3338022727
VALSYN-PWY: L-valine biosynthesis|g__Blautia.s__Blautia_obeum	11.2598913399
VALSYN-PWY: L-valine biosynthesis|g__Blautia.s__Blautia_wexlerae	9.8033238470
VALSYN-PWY: L-valine biosynthesis|g__Clostridium.s__Clostridium_sp_44_14	8.6855819340
VALSYN-PWY: L-valine biosynthesis|g__Roseburia.s__Roseburia_hominis	7.6512945412
VALSYN-PWY: L-valine biosynthesis|g__Lachnospiraceae_unclassified.s__Eubacterium_rectale	6.9209136309
VALSYN-PWY: L-valine biosynthesis|g__Bifidobacterium.s__Bifidobacterium_pseudocatenulatum	6.1647222082
VALSYN-PWY: L-valine biosynthesis|g__Catenibacterium.s__Catenibacterium_mitsuokai	4.0743033950
VALSYN-PWY: L-valine biosynthesis|g__Eubacterium.s__Eubacterium_hallii	3.9366204114
VALSYN-PWY: L-valine biosynthesis|g__Roseburia.s__Roseburia_inulinivorans	0.9389671362
ILEUSYN-PWY: L-isoleucine biosynthesis I (from threonine)	1565.0643921628
ILEUSYN-PWY: L-isoleucine biosynthesis I (from threonine)|g__Prevotella.s__Prevotella_copri	335.7976941780
ILEUSYN-PWY: L-isoleucine biosynthesis I (from threonine)|g__Bifidobacterium.s__Bifidobacterium_adolescentis	232.0862104573
ILEUSYN-PWY: L-isoleucine biosynthesis I (from threonine)|g__Prevotella.s__Prevotella_sp_AM42_24	182.9317571541
ILEUSYN-PWY: L-isoleucine biosynthesis I (from threonine)|g__Succinatimonas.s__Succinatimonas_sp_CAG_777	52.5358499491
ILEUSYN-PWY: L-isoleucine biosynthesis I (from threonine)|g__Coprococcus.s__Coprococcus_eutactus	26.3785746744
ILEUSYN-PWY: L-isoleucine biosynthesis I (from threonine)|g__Blautia.s__Blautia_sp	22.3573855686
ILEUSYN-PWY: L-isoleucine biosynthesis I (from threonine)|g__Dorea.s__Dorea_longicatena	20.9901768821
ILEUSYN-PWY: L-isoleucine biosynthesis I (from threonine)|g__Prevotella.s__Prevotella_sp_CAG_1092	20.5027674889
ILEUSYN-PWY: L-isoleucine biosynthesis I (from threonine)|g__Anaerostipes.s__Anaerostipes_hadrus	18.9424301326
ILEUSYN-PWY: L-isoleucine biosynthesis I (from threonine)|g__Blautia.s__Ruminococcus_torques	18.6401799833
ILEUSYN-PWY: L-isoleucine biosynthesis I (from threonine)|unclassified	15.3915314983
ILEUSYN-PWY: L-isoleucine biosynthesis I (from threonine)|g__Bifidobacterium.s__Bifidobacterium_longum	13.4508820895
ILEUSYN-PWY: L-isoleucine biosynthesis I (from threonine)|g__Bifidobacterium.s__Bifidobacterium_catenulatum	10.3069163806
ILEUSYN-PWY: L-isoleucine biosynthesis I (from threonine)|g__Gemmiger.s__Gemmiger_formicilis	10.2472232175
ILEUSYN-PWY: L-isoleucine biosynthesis I (from threonine)|g__Blautia.s__Blautia_wexlerae	6.9475906172
ILEUSYN-PWY: L-isoleucine biosynthesis I (from threonine)|g__Roseburia.s__Roseburia_hominis	6.2766034784
ILEUSYN-PWY: L-isoleucine biosynthesis I (from threonine)|g__Lachnospiraceae_unclassified.s__Eubacterium_rectale	5.6436722831
ILEUSYN-PWY: L-isoleucine biosynthesis I (from threonine)|g__Blautia.s__Blautia_obeum	4.0318501736
ILEUSYN-PWY: L-isoleucine biosynthesis I (from threonine)|g__Catenibacterium.s__Catenibacterium_mitsuokai	3.8674885474
ILEUSYN-PWY: L-isoleucine biosynthesis I (from threonine)|g__Bifidobacterium.s__Bifidobacterium_pseudocatenulatum	2.7838612037
BRANCHED-CHAIN-AA-SYN-PWY: superpathway of branched chain amino acid biosynthesis	1547.3145117081
BRANCHED-CHAIN-AA-SYN-PWY: superpathway of branched chain amino acid biosynthesis|g__Prevotella.s__Prevotella_copri	318.6290954426
BRANCHED-CHAIN-AA-SYN-PWY: superpathway of branched chain amino acid biosynthesis|g__Bifidobacterium.s__Bifidobacterium_adolescentis	244.7617332501
BRANCHED-CHAIN-AA-SYN-PWY: superpathway of branched chain amino acid biosynthesis|g__Prevotella.s__Prevotella_sp_AM42_24	153.5861126592
BRANCHED-CHAIN-AA-SYN-PWY: superpathway of branched chain amino acid biosynthesis|g__Succinatimonas.s__Succinatimonas_sp_CAG_777	50.0191666073
BRANCHED-CHAIN-AA-SYN-PWY: superpathway of branched chain amino acid biosynthesis|g__Blautia.s__Blautia_sp	22.8090401030
BRANCHED-CHAIN-AA-SYN-PWY: superpathway of branched chain amino acid biosynthesis|g__Coprococcus.s__Coprococcus_eutactus	22.3549732686
BRANCHED-CHAIN-AA-SYN-PWY: superpathway of branched chain amino acid biosynthesis|g__Blautia.s__Ruminococcus_torques	20.1285502533
BRANCHED-CHAIN-AA-SYN-PWY: superpathway of branched chain amino acid biosynthesis|g__Anaerostipes.s__Anaerostipes_hadrus	18.4141340736
BRANCHED-CHAIN-AA-SYN-PWY: superpathway of branched chain amino acid biosynthesis|g__Prevotella.s__Prevotella_sp_CAG_1092	17.8375882810
BRANCHED-CHAIN-AA-SYN-PWY: superpathway of branched chain amino acid biosynthesis|unclassified	17.0018019869
BRANCHED-CHAIN-AA-SYN-PWY: superpathway of branched chain amino acid biosynthesis|g__Bifidobacterium.s__Bifidobacterium_longum	14.5017403686
BRANCHED-CHAIN-AA-SYN-PWY: superpathway of branched chain amino acid biosynthesis|g__Bifidobacterium.s__Bifidobacterium_catenulatum	11.3445695595
BRANCHED-CHAIN-AA-SYN-PWY: superpathway of branched chain amino acid biosynthesis|g__Gemmiger.s__Gemmiger_formicilis	10.2510092576
BRANCHED-CHAIN-AA-SYN-PWY: superpathway of branched chain amino acid biosynthesis|g__Blautia.s__Blautia_wexlerae	7.4979282571
BRANCHED-CHAIN-AA-SYN-PWY: superpathway of branched chain amino acid biosynthesis|g__Roseburia.s__Roseburia_hominis	5.4092903512
BRANCHED-CHAIN-AA-SYN-PWY: superpathway of branched chain amino acid biosynthesis|g__Catenibacterium.s__Catenibacterium_mitsuokai	4.3601170367
BRANCHED-CHAIN-AA-SYN-PWY: superpathway of branched chain amino acid biosynthesis|g__Lachnospiraceae_unclassified.s__Eubacterium_rectale	3.8757915380
BRANCHED-CHAIN-AA-SYN-PWY: superpathway of branched chain amino acid biosynthesis|g__Blautia.s__Blautia_obeum	3.8128087959
PWY-5103: L-isoleucine biosynthesis III	1531.8896730226
PWY-5103: L-isoleucine biosynthesis III|g__Prevotella.s__Prevotella_copri	298.6089359032
PWY-5103: L-isoleucine biosynthesis III|g__Bifidobacterium.s__Bifidobacterium_adolescentis	216.3447272420
PWY-5103: L-isoleucine biosynthesis III|g__Prevotella.s__Prevotella_sp_AM42_24	171.1581750745
PWY-5103: L-isoleucine biosynthesis III|g__Succinatimonas.s__Succinatimonas_sp_CAG_777	51.0488739421
PWY-5103: L-isoleucine biosynthesis III|g__Coprococcus.s__Coprococcus_eutactus	25.2852838706
PWY-5103: L-isoleucine biosynthesis III|g__Blautia.s__Blautia_sp	19.8876905732
PWY-5103: L-isoleucine biosynthesis III|g__Dorea.s__Dorea_longicatena	17.8689280056
PWY-5103: L-isoleucine biosynthesis III|g__Prevotella.s__Prevotella_sp_CAG_1092	17.7433563971
PWY-5103: L-isoleucine biosynthesis III|g__Anaerostipes.s__Anaerostipes_hadrus	17.5953400492
PWY-5103: L-isoleucine biosynthesis III|g__Blautia.s__Ruminococcus_torques	16.4323069026
PWY-5103: L-isoleucine biosynthesis III|g__Bifidobacterium.s__Bifidobacterium_longum	12.5430141788
PWY-5103: L-isoleucine biosynthesis III|unclassified	11.8555259762
PWY-5103: L-isoleucine biosynthesis III|g__Bifidobacterium.s__Bifidobacterium_catenulatum	9.2081369384
PWY-5103: L-isoleucine biosynthesis III|g__Gemmiger.s__Gemmiger_formicilis	9.1937174121
PWY-5103: L-isoleucine biosynthesis III|g__Blautia.s__Blautia_wexlerae	5.7621002012
PWY-5103: L-isoleucine biosynthesis III|g__Roseburia.s__Roseburia_hominis	5.3062369967
PWY-5103: L-isoleucine biosynthesis III|g__Lachnospiraceae_unclassified.s__Eubacterium_rectale	4.9272813313
PWY-5103: L-isoleucine biosynthesis III|g__Catenibacterium.s__Catenibacterium_mitsuokai	3.4065447016
PWY-5103: L-isoleucine biosynthesis III|g__Blautia.s__Blautia_obeum	2.8504640442
PWY-5103: L-isoleucine biosynthesis III|g__Bifidobacterium.s__Bifidobacterium_pseudocatenulatum	2.0705191976
PWY-1042: glycolysis IV	1529.3062183690
PWY-1042: glycolysis IV|g__Prevotella.s__Prevotella_copri	283.3217102973
PWY-1042: glycolysis IV|g__Prevotella.s__Prevotella_sp_AM42_24	134.9688327078
PWY-1042: glycolysis IV|g__Faecalibacterium.s__Faecalibacterium_prausnitzii	87.6491063478
PWY-1042: glycolysis IV|g__Prevotella.s__Prevotella_sp_CAG_732	57.8320205779
PWY-1042: glycolysis IV|unclassified	57.5337258609
PWY-1042: glycolysis IV|g__Collinsella.s__Collinsella_aerofaciens	51.6033349245
PWY-1042: glycolysis IV|g__Anaerostipes.s__Anaerostipes_hadrus	34.0597210841
PWY-1042: glycolysis IV|g__Blautia.s__Blautia_sp	30.5133709865
PWY-1042: glycolysis IV|g__Coprococcus.s__Coprococcus_eutactus	27.7222440932
PWY-1042: glycolysis IV|g__Blautia.s__Ruminococcus_torques	27.4616595462
PWY-1042: glycolysis IV|g__Roseburia.s__Roseburia_faecis	26.2472374862
PWY-1042: glycolysis IV|g__Roseburia.s__Roseburia_hominis	11.9841654195
PWY-1042: glycolysis IV|g__Blautia.s__Blautia_wexlerae	10.0014234471
PWY-1042: glycolysis IV|g__Clostridium.s__Clostridium_sp_44_14	9.0062647342
PWY-1042: glycolysis IV|g__Blautia.s__Blautia_obeum	2.5528012767
PEPTIDOGLYCANSYN-PWY: peptidoglycan biosynthesis I (meso-diaminopimelate containing)	1476.2780842816
PEPTIDOGLYCANSYN-PWY: peptidoglycan biosynthesis I (meso-diaminopimelate containing)|g__Prevotella.s__Prevotella_copri	321.7740530271
PEPTIDOGLYCANSYN-PWY: peptidoglycan biosynthesis I (meso-diaminopimelate containing)|g__Bifidobacterium.s__Bifidobacterium_adolescentis	170.3704098385
PEPTIDOGLYCANSYN-PWY: peptidoglycan biosynthesis I (meso-diaminopimelate containing)|g__Prevotella.s__Prevotella_sp_AM42_24	130.4415247986
PEPTIDOGLYCANSYN-PWY: peptidoglycan biosynthesis I (meso-diaminopimelate containing)|unclassified	99.9258684916
PEPTIDOGLYCANSYN-PWY: peptidoglycan biosynthesis I (meso-diaminopimelate containing)|g__Faecalibacterium.s__Faecalibacterium_prausnitzii	72.7626611515
PEPTIDOGLYCANSYN-PWY: peptidoglycan biosynthesis I (meso-diaminopimelate containing)|g__Prevotella.s__Prevotella_sp_CAG_732	50.1973454654
PEPTIDOGLYCANSYN-PWY: peptidoglycan biosynthesis I (meso-diaminopimelate containing)|g__Prevotella.s__Prevotella_sp_CAG_5226	45.0024029541
PEPTIDOGLYCANSYN-PWY: peptidoglycan biosynthesis I (meso-diaminopimelate containing)|g__Collinsella.s__Collinsella_aerofaciens	44.3098866757
PEPTIDOGLYCANSYN-PWY: peptidoglycan biosynthesis I (meso-diaminopimelate containing)|g__Succinatimonas.s__Succinatimonas_sp_CAG_777	40.6674874874
PEPTIDOGLYCANSYN-PWY: peptidoglycan biosynthesis I (meso-diaminopimelate containing)|g__Prevotella.s__Prevotella_sp_CAG_386	29.0585905887
PEPTIDOGLYCANSYN-PWY: peptidoglycan biosynthesis I (meso-diaminopimelate containing)|g__Clostridium.s__Clostridium_sp_CAG_217	25.8939218914
PEPTIDOGLYCANSYN-PWY: peptidoglycan biosynthesis I (meso-diaminopimelate containing)|g__Phascolarctobacterium.s__Phascolarctobacterium_succinatutens	24.6429884624
PEPTIDOGLYCANSYN-PWY: peptidoglycan biosynthesis I (meso-diaminopimelate containing)|g__Blautia.s__Blautia_sp	24.0254072832
PEPTIDOGLYCANSYN-PWY: peptidoglycan biosynthesis I (meso-diaminopimelate containing)|g__Coprococcus.s__Coprococcus_eutactus	22.1091457608
PEPTIDOGLYCANSYN-PWY: peptidoglycan biosynthesis I (meso-diaminopimelate containing)|g__Prevotella.s__Prevotella_sp_CAG_1092	21.5148913466
PEPTIDOGLYCANSYN-PWY: peptidoglycan biosynthesis I (meso-diaminopimelate containing)|g__Ruminococcus.s__Ruminococcus_sp_CAG_330	21.3107979739
PEPTIDOGLYCANSYN-PWY: peptidoglycan biosynthesis I (meso-diaminopimelate containing)|g__Roseburia.s__Roseburia_faecis	18.1535481209
PEPTIDOGLYCANSYN-PWY: peptidoglycan biosynthesis I (meso-diaminopimelate containing)|g__Anaerostipes.s__Anaerostipes_hadrus	17.3219548173
PEPTIDOGLYCANSYN-PWY: peptidoglycan biosynthesis I (meso-diaminopimelate containing)|g__Blautia.s__Ruminococcus_torques	17.2245357619
PEPTIDOGLYCANSYN-PWY: peptidoglycan biosynthesis I (meso-diaminopimelate containing)|g__Prevotella.s__Prevotella_sp_CAG_520	16.0127820161
PEPTIDOGLYCANSYN-PWY: peptidoglycan biosynthesis I (meso-diaminopimelate containing)|g__Prevotella.s__Prevotella_sp_885	15.7552872288
PEPTIDOGLYCANSYN-PWY: peptidoglycan biosynthesis I (meso-diaminopimelate containing)|g__Firmicutes_unclassified.s__Firmicutes_bacterium_CAG_176	13.7520256289
PEPTIDOGLYCANSYN-PWY: peptidoglycan biosynthesis I (meso-diaminopimelate containing)|g__Dorea.s__Dorea_longicatena	13.4525454045
PEPTIDOGLYCANSYN-PWY: peptidoglycan biosynthesis I (meso-diaminopimelate containing)|g__Bifidobacterium.s__Bifidobacterium_longum	11.5378645146
PEPTIDOGLYCANSYN-PWY: peptidoglycan biosynthesis I (meso-diaminopimelate containing)|g__Clostridium.s__Clostridium_sp_44_14	8.6020129813
PEPTIDOGLYCANSYN-PWY: peptidoglycan biosynthesis I (meso-diaminopimelate containing)|g__Blautia.s__Blautia_wexlerae	6.1204507201
PEPTIDOGLYCANSYN-PWY: peptidoglycan biosynthesis I (meso-diaminopimelate containing)|g__Blautia.s__Blautia_obeum	5.8017899549
PEPTIDOGLYCANSYN-PWY: peptidoglycan biosynthesis I (meso-diaminopimelate containing)|g__Bifidobacterium.s__Bifidobacterium_catenulatum	5.1172316660
PEPTIDOGLYCANSYN-PWY: peptidoglycan biosynthesis I (meso-diaminopimelate containing)|g__Bifidobacterium.s__Bifidobacterium_pseudocatenulatum	1.3716010013
PWY-6386: UDP-N-acetylmuramoyl-pentapeptide biosynthesis II (lysine-containing)	1476.2346185929
PWY-6386: UDP-N-acetylmuramoyl-pentapeptide biosynthesis II (lysine-containing)|g__Prevotella.s__Prevotella_copri	285.1176259055
PWY-6386: UDP-N-acetylmuramoyl-pentapeptide biosynthesis II (lysine-containing)|g__Bifidobacterium.s__Bifidobacterium_adolescentis	175.0847260163
PWY-6386: UDP-N-acetylmuramoyl-pentapeptide biosynthesis II (lysine-containing)|g__Prevotella.s__Prevotella_sp_AM42_24	132.2912168369
PWY-6386: UDP-N-acetylmuramoyl-pentapeptide biosynthesis II (lysine-containing)|unclassified	96.2816876872
PWY-6386: UDP-N-acetylmuramoyl-pentapeptide biosynthesis II (lysine-containing)|g__Faecalibacterium.s__Faecalibacterium_prausnitzii	75.7859360265
PWY-6386: UDP-N-acetylmuramoyl-pentapeptide biosynthesis II (lysine-containing)|g__Collinsella.s__Collinsella_aerofaciens	48.4254489249
PWY-6386: UDP-N-acetylmuramoyl-pentapeptide biosynthesis II (lysine-containing)|g__Prevotella.s__Prevotella_sp_CAG_732	46.9078566167
PWY-6386: UDP-N-acetylmuramoyl-pentapeptide biosynthesis II (lysine-containing)|g__Prevotella.s__Prevotella_sp_CAG_5226	42.2058864562
PWY-6386: UDP-N-acetylmuramoyl-pentapeptide biosynthesis II (lysine-containing)|g__Succinatimonas.s__Succinatimonas_sp_CAG_777	38.8767218526
PWY-6386: UDP-N-acetylmuramoyl-pentapeptide biosynthesis II (lysine-containing)|g__Prevotella.s__Prevotella_sp_CAG_386	29.7246017711
PWY-6386: UDP-N-acetylmuramoyl-pentapeptide biosynthesis II (lysine-containing)|g__Phascolarctobacterium.s__Phascolarctobacterium_succinatutens	26.0868995228
PWY-6386: UDP-N-acetylmuramoyl-pentapeptide biosynthesis II (lysine-containing)|g__Ruminococcus.s__Ruminococcus_sp_CAG_330	20.8755946684
PWY-6386: UDP-N-acetylmuramoyl-pentapeptide biosynthesis II (lysine-containing)|g__Blautia.s__Blautia_sp	20.8529210092
PWY-6386: UDP-N-acetylmuramoyl-pentapeptide biosynthesis II (lysine-containing)|g__Prevotella.s__Prevotella_sp_CAG_1092	20.0199590518
PWY-6386: UDP-N-acetylmuramoyl-pentapeptide biosynthesis II (lysine-containing)|g__Blautia.s__Ruminococcus_torques	18.9035253462
PWY-6386: UDP-N-acetylmuramoyl-pentapeptide biosynthesis II (lysine-containing)|g__Roseburia.s__Roseburia_faecis	18.2528929797
PWY-6386: UDP-N-acetylmuramoyl-pentapeptide biosynthesis II (lysine-containing)|g__Anaerostipes.s__Anaerostipes_hadrus	15.4663092231
PWY-6386: UDP-N-acetylmuramoyl-pentapeptide biosynthesis II (lysine-containing)|g__Dorea.s__Dorea_longicatena	14.6734498394
PWY-6386: UDP-N-acetylmuramoyl-pentapeptide biosynthesis II (lysine-containing)|g__Bifidobacterium.s__Bifidobacterium_longum	12.0406125813
PWY-6386: UDP-N-acetylmuramoyl-pentapeptide biosynthesis II (lysine-containing)|g__Prevotella.s__Prevotella_sp_885	11.4010627633
PWY-6386: UDP-N-acetylmuramoyl-pentapeptide biosynthesis II (lysine-containing)|g__Clostridium.s__Clostridium_sp_44_14	8.9374678034
PWY-6386: UDP-N-acetylmuramoyl-pentapeptide biosynthesis II (lysine-containing)|g__Blautia.s__Blautia_wexlerae	6.4547997625
PWY-6386: UDP-N-acetylmuramoyl-pentapeptide biosynthesis II (lysine-containing)|g__Bifidobacterium.s__Bifidobacterium_catenulatum	5.6206399278
PWY-6386: UDP-N-acetylmuramoyl-pentapeptide biosynthesis II (lysine-containing)|g__Blautia.s__Blautia_obeum	4.4463937799
PWY-6386: UDP-N-acetylmuramoyl-pentapeptide biosynthesis II (lysine-containing)|g__Bifidobacterium.s__Bifidobacterium_pseudocatenulatum	1.5691915394
PWY-6387: UDP-N-acetylmuramoyl-pentapeptide biosynthesis I (meso-diaminopimelate containing)	1459.5396883823
PWY-6387: UDP-N-acetylmuramoyl-pentapeptide biosynthesis I (meso-diaminopimelate containing)|g__Prevotella.s__Prevotella_copri	313.0767069409
PWY-6387: UDP-N-acetylmuramoyl-pentapeptide biosynthesis I (meso-diaminopimelate containing)|g__Bifidobacterium.s__Bifidobacterium_adolescentis	172.8342087583
PWY-6387: UDP-N-acetylmuramoyl-pentapeptide biosynthesis I (meso-diaminopimelate containing)|g__Prevotella.s__Prevotella_sp_AM42_24	130.0001116755
PWY-6387: UDP-N-acetylmuramoyl-pentapeptide biosynthesis I (meso-diaminopimelate containing)|unclassified	97.2506005255
PWY-6387: UDP-N-acetylmuramoyl-pentapeptide biosynthesis I (meso-diaminopimelate containing)|g__Faecalibacterium.s__Faecalibacterium_prausnitzii	71.6189700497
PWY-6387: UDP-N-acetylmuramoyl-pentapeptide biosynthesis I (meso-diaminopimelate containing)|g__Prevotella.s__Prevotella_sp_CAG_732	49.4302969253
PWY-6387: UDP-N-acetylmuramoyl-pentapeptide biosynthesis I (meso-diaminopimelate containing)|g__Collinsella.s__Collinsella_aerofaciens	46.9935406192
PWY-6387: UDP-N-acetylmuramoyl-pentapeptide biosynthesis I (meso-diaminopimelate containing)|g__Prevotella.s__Prevotella_sp_CAG_5226	42.8023237723
PWY-6387: UDP-N-acetylmuramoyl-pentapeptide biosynthesis I (meso-diaminopimelate containing)|g__Succinatimonas.s__Succinatimonas_sp_CAG_777	40.4394721941
PWY-6387: UDP-N-acetylmuramoyl-pentapeptide biosynthesis I (meso-diaminopimelate containing)|g__Prevotella.s__Prevotella_sp_CAG_386	28.6010001045
PWY-6387: UDP-N-acetylmuramoyl-pentapeptide biosynthesis I (meso-diaminopimelate containing)|g__Clostridium.s__Clostridium_sp_CAG_217	26.4280327182
PWY-6387: UDP-N-acetylmuramoyl-pentapeptide biosynthesis I (meso-diaminopimelate containing)|g__Phascolarctobacterium.s__Phascolarctobacterium_succinatutens	24.0796116431
PWY-6387: UDP-N-acetylmuramoyl-pentapeptide biosynthesis I (meso-diaminopimelate containing)|g__Ruminococcus.s__Ruminococcus_sp_CAG_330	23.6941141227
PWY-6387: UDP-N-acetylmuramoyl-pentapeptide biosynthesis I (meso-diaminopimelate containing)|g__Blautia.s__Blautia_sp	22.8474523868
PWY-6387: UDP-N-acetylmuramoyl-pentapeptide biosynthesis I (meso-diaminopimelate containing)|g__Coprococcus.s__Coprococcus_eutactus	22.5541752350
PWY-6387: UDP-N-acetylmuramoyl-pentapeptide biosynthesis I (meso-diaminopimelate containing)|g__Prevotella.s__Prevotella_sp_CAG_1092	21.1851963320
PWY-6387: UDP-N-acetylmuramoyl-pentapeptide biosynthesis I (meso-diaminopimelate containing)|g__Blautia.s__Ruminococcus_torques	20.7028602526
PWY-6387: UDP-N-acetylmuramoyl-pentapeptide biosynthesis I (meso-diaminopimelate containing)|g__Roseburia.s__Roseburia_faecis	18.2546708691
PWY-6387: UDP-N-acetylmuramoyl-pentapeptide biosynthesis I (meso-diaminopimelate containing)|g__Firmicutes_unclassified.s__Firmicutes_bacterium_CAG_176	17.9615293487
PWY-6387: UDP-N-acetylmuramoyl-pentapeptide biosynthesis I (meso-diaminopimelate containing)|g__Anaerostipes.s__Anaerostipes_hadrus	16.3345311990
PWY-6387: UDP-N-acetylmuramoyl-pentapeptide biosynthesis I (meso-diaminopimelate containing)|g__Prevotella.s__Prevotella_sp_CAG_520	15.2069735327
PWY-6387: UDP-N-acetylmuramoyl-pentapeptide biosynthesis I (meso-diaminopimelate containing)|g__Prevotella.s__Prevotella_sp_885	15.1667651065
PWY-6387: UDP-N-acetylmuramoyl-pentapeptide biosynthesis I (meso-diaminopimelate containing)|g__Dorea.s__Dorea_longicatena	13.1298943370
PWY-6387: UDP-N-acetylmuramoyl-pentapeptide biosynthesis I (meso-diaminopimelate containing)|g__Bifidobacterium.s__Bifidobacterium_longum	11.5027392490
PWY-6387: UDP-N-acetylmuramoyl-pentapeptide biosynthesis I (meso-diaminopimelate containing)|g__Clostridium.s__Clostridium_sp_44_14	8.7994900808
PWY-6387: UDP-N-acetylmuramoyl-pentapeptide biosynthesis I (meso-diaminopimelate containing)|g__Blautia.s__Blautia_wexlerae	6.6563127798
PWY-6387: UDP-N-acetylmuramoyl-pentapeptide biosynthesis I (meso-diaminopimelate containing)|g__Blautia.s__Blautia_obeum	5.3573009360
PWY-6387: UDP-N-acetylmuramoyl-pentapeptide biosynthesis I (meso-diaminopimelate containing)|g__Bifidobacterium.s__Bifidobacterium_catenulatum	5.1226831158
PWY-6387: UDP-N-acetylmuramoyl-pentapeptide biosynthesis I (meso-diaminopimelate containing)|g__Roseburia.s__Roseburia_hominis	3.8474982574
PWY-6387: UDP-N-acetylmuramoyl-pentapeptide biosynthesis I (meso-diaminopimelate containing)|g__Catenibacterium.s__Catenibacterium_mitsuokai	3.5613633917
PWY-6387: UDP-N-acetylmuramoyl-pentapeptide biosynthesis I (meso-diaminopimelate containing)|g__Bifidobacterium.s__Bifidobacterium_pseudocatenulatum	1.3815136209
PWY-6163: chorismate biosynthesis from 3-dehydroquinate	1410.8071624296
PWY-6163: chorismate biosynthesis from 3-dehydroquinate|g__Faecalibacterium.s__Faecalibacterium_prausnitzii	147.4733523512
PWY-6163: chorismate biosynthesis from 3-dehydroquinate|g__Bifidobacterium.s__Bifidobacterium_adolescentis	146.3807903687
PWY-6163: chorismate biosynthesis from 3-dehydroquinate|unclassified	144.2182008632
PWY-6163: chorismate biosynthesis from 3-dehydroquinate|g__Prevotella.s__Prevotella_copri	143.2195884351
PWY-6163: chorismate biosynthesis from 3-dehydroquinate|g__Prevotella.s__Prevotella_sp_AM42_24	128.2289507596
PWY-6163: chorismate biosynthesis from 3-dehydroquinate|g__Succinatimonas.s__Succinatimonas_sp_CAG_777	49.4907085953
PWY-6163: chorismate biosynthesis from 3-dehydroquinate|g__Prevotella.s__Prevotella_sp_CAG_732	46.8261815986
PWY-6163: chorismate biosynthesis from 3-dehydroquinate|g__Collinsella.s__Collinsella_aerofaciens	41.9019915009
PWY-6163: chorismate biosynthesis from 3-dehydroquinate|g__Clostridium.s__Clostridium_sp_CAG_217	34.7722878130
PWY-6163: chorismate biosynthesis from 3-dehydroquinate|g__Phascolarctobacterium.s__Phascolarctobacterium_succinatutens	32.8506949716
PWY-6163: chorismate biosynthesis from 3-dehydroquinate|g__Prevotella.s__Prevotella_sp_CAG_5226	31.6035174525
PWY-6163: chorismate biosynthesis from 3-dehydroquinate|g__Ruminococcus.s__Ruminococcus_sp_CAG_330	30.1936928662
PWY-6163: chorismate biosynthesis from 3-dehydroquinate|g__Blautia.s__Blautia_sp	27.0334143339
PWY-6163: chorismate biosynthesis from 3-dehydroquinate|g__Prevotella.s__Prevotella_sp_CAG_386	25.8950100538
PWY-6163: chorismate biosynthesis from 3-dehydroquinate|g__Firmicutes_unclassified.s__Firmicutes_bacterium_CAG_65_45_313	23.2700692631
PWY-6163: chorismate biosynthesis from 3-dehydroquinate|g__Prevotella.s__Prevotella_sp_CAG_1092	22.3474543335
PWY-6163: chorismate biosynthesis from 3-dehydroquinate|g__Lactobacillus.s__Lactobacillus_ruminis	21.2723903751
PWY-6163: chorismate biosynthesis from 3-dehydroquinate|g__Roseburia.s__Roseburia_faecis	20.9708551519
PWY-6163: chorismate biosynthesis from 3-dehydroquinate|g__Holdemanella.s__Holdemanella_biformis	20.5431828238
PWY-6163: chorismate biosynthesis from 3-dehydroquinate|g__Coprococcus.s__Coprococcus_eutactus	19.7266200201
PWY-6163: chorismate biosynthesis from 3-dehydroquinate|g__Blautia.s__Ruminococcus_torques	18.7590603775
PWY-6163: chorismate biosynthesis from 3-dehydroquinate|g__Prevotella.s__Prevotella_sp_885	14.2110312466
PWY-6163: chorismate biosynthesis from 3-dehydroquinate|g__Blautia.s__Blautia_obeum	14.0905596549
PWY-6163: chorismate biosynthesis from 3-dehydroquinate|g__Eubacterium.s__Eubacterium_hallii	12.8210001510
PWY-6163: chorismate biosynthesis from 3-dehydroquinate|g__Firmicutes_unclassified.s__Firmicutes_bacterium_CAG_176	11.9560019130
PWY-6163: chorismate biosynthesis from 3-dehydroquinate|g__Anaerostipes.s__Anaerostipes_hadrus	10.6691299579
PWY-6163: chorismate biosynthesis from 3-dehydroquinate|g__Bifidobacterium.s__Bifidobacterium_longum	8.7112192039
PWY-6163: chorismate biosynthesis from 3-dehydroquinate|g__Ruminococcus.s__Ruminococcus_sp_CAG_177	8.0642432778
PWY-6163: chorismate biosynthesis from 3-dehydroquinate|g__Lachnospira.s__Lachnospira_pectinoschiza	7.5604838710
PWY-6163: chorismate biosynthesis from 3-dehydroquinate|g__Sutterella.s__Sutterella_sp_CAG_397	5.8038786492
PWY-6163: chorismate biosynthesis from 3-dehydroquinate|g__Roseburia.s__Roseburia_hominis	5.4761072100
PWY-6163: chorismate biosynthesis from 3-dehydroquinate|g__Blautia.s__Blautia_wexlerae	5.0163154837
PWY-6163: chorismate biosynthesis from 3-dehydroquinate|g__Streptococcus.s__Streptococcus_thermophilus	4.0615734536
PWY-6163: chorismate biosynthesis from 3-dehydroquinate|g__Bifidobacterium.s__Bifidobacterium_catenulatum	3.7213030286
PWY-6163: chorismate biosynthesis from 3-dehydroquinate|g__Catenibacterium.s__Catenibacterium_mitsuokai	2.6803902648
PWY-6122: 5-aminoimidazole ribonucleotide biosynthesis II	1380.5964593444
PWY-6122: 5-aminoimidazole ribonucleotide biosynthesis II|g__Prevotella.s__Prevotella_copri	274.8248447618
PWY-6122: 5-aminoimidazole ribonucleotide biosynthesis II|g__Prevotella.s__Prevotella_sp_AM42_24	139.3522040316
PWY-6122: 5-aminoimidazole ribonucleotide biosynthesis II|g__Bifidobacterium.s__Bifidobacterium_adolescentis	103.9001209246
PWY-6122: 5-aminoimidazole ribonucleotide biosynthesis II|unclassified	81.2586729789
PWY-6122: 5-aminoimidazole ribonucleotide biosynthesis II|g__Faecalibacterium.s__Faecalibacterium_prausnitzii	74.0909865015
PWY-6122: 5-aminoimidazole ribonucleotide biosynthesis II|g__Collinsella.s__Collinsella_aerofaciens	53.4579723178
PWY-6122: 5-aminoimidazole ribonucleotide biosynthesis II|g__Prevotella.s__Prevotella_sp_CAG_5226	51.5871400280
PWY-6122: 5-aminoimidazole ribonucleotide biosynthesis II|g__Succinatimonas.s__Succinatimonas_sp_CAG_777	45.1158517914
PWY-6122: 5-aminoimidazole ribonucleotide biosynthesis II|g__Phascolarctobacterium.s__Phascolarctobacterium_succinatutens	33.4196455299
PWY-6122: 5-aminoimidazole ribonucleotide biosynthesis II|g__Firmicutes_unclassified.s__Firmicutes_bacterium_CAG_65_45_313	32.9089801897
PWY-6122: 5-aminoimidazole ribonucleotide biosynthesis II|g__Clostridium.s__Clostridium_sp_CAG_217	29.4162203766
PWY-6122: 5-aminoimidazole ribonucleotide biosynthesis II|g__Prevotella.s__Prevotella_sp_CAG_1092	26.3991086363
PWY-6122: 5-aminoimidazole ribonucleotide biosynthesis II|g__Holdemanella.s__Holdemanella_biformis	26.1184077160
PWY-6122: 5-aminoimidazole ribonucleotide biosynthesis II|g__Coprococcus.s__Coprococcus_eutactus	24.6043516079
PWY-6122: 5-aminoimidazole ribonucleotide biosynthesis II|g__Blautia.s__Blautia_sp	21.8867296818
PWY-6122: 5-aminoimidazole ribonucleotide biosynthesis II|g__Bifidobacterium.s__Bifidobacterium_longum	19.9392328143
PWY-6122: 5-aminoimidazole ribonucleotide biosynthesis II|g__Ruminococcus.s__Ruminococcus_sp_CAG_330	19.2853935764
PWY-6122: 5-aminoimidazole ribonucleotide biosynthesis II|g__Bifidobacterium.s__Bifidobacterium_pseudocatenulatum	18.9449168966
PWY-6122: 5-aminoimidazole ribonucleotide biosynthesis II|g__Blautia.s__Ruminococcus_torques	18.3454833153
PWY-6122: 5-aminoimidazole ribonucleotide biosynthesis II|g__Roseburia.s__Roseburia_faecis	15.6998556999
PWY-6122: 5-aminoimidazole ribonucleotide biosynthesis II|g__Anaerostipes.s__Anaerostipes_hadrus	15.4906891202
PWY-6122: 5-aminoimidazole ribonucleotide biosynthesis II|g__Prevotella.s__Prevotella_sp_CAG_520	13.6255991759
PWY-6122: 5-aminoimidazole ribonucleotide biosynthesis II|g__Dorea.s__Dorea_longicatena	13.0643611912
PWY-6122: 5-aminoimidazole ribonucleotide biosynthesis II|g__Bifidobacterium.s__Bifidobacterium_catenulatum	13.0551200315
PWY-6122: 5-aminoimidazole ribonucleotide biosynthesis II|g__Blautia.s__Blautia_obeum	12.0186672348
PWY-6122: 5-aminoimidazole ribonucleotide biosynthesis II|g__Lactobacillus.s__Lactobacillus_ruminis	10.7242840487
PWY-6122: 5-aminoimidazole ribonucleotide biosynthesis II|g__Gemmiger.s__Gemmiger_formicilis	9.6472855470
PWY-6122: 5-aminoimidazole ribonucleotide biosynthesis II|g__Eubacterium.s__Eubacterium_hallii	8.0602530082
PWY-6122: 5-aminoimidazole ribonucleotide biosynthesis II|g__Dorea.s__Dorea_formicigenerans	6.0610652322
PWY-6122: 5-aminoimidazole ribonucleotide biosynthesis II|g__Blautia.s__Blautia_wexlerae	5.8810442723
PWY-6122: 5-aminoimidazole ribonucleotide biosynthesis II|g__Catenibacterium.s__Catenibacterium_mitsuokai	5.6025426925
PWY-6122: 5-aminoimidazole ribonucleotide biosynthesis II|g__Lachnospira.s__Lachnospira_pectinoschiza	4.6407750094
PWY-6122: 5-aminoimidazole ribonucleotide biosynthesis II|g__Lachnospiraceae_unclassified.s__Eubacterium_rectale	3.7400654511
PWY-6122: 5-aminoimidazole ribonucleotide biosynthesis II|g__Roseburia.s__Roseburia_hominis	3.6508372590
PWY-6122: 5-aminoimidazole ribonucleotide biosynthesis II|g__Ruminococcus.s__Ruminococcus_lactaris	2.0819778790
PWY-6277: superpathway of 5-aminoimidazole ribonucleotide biosynthesis	1380.5964593444
PWY-6277: superpathway of 5-aminoimidazole ribonucleotide biosynthesis|g__Prevotella.s__Prevotella_copri	274.8248447618
PWY-6277: superpathway of 5-aminoimidazole ribonucleotide biosynthesis|g__Prevotella.s__Prevotella_sp_AM42_24	139.3522040316
PWY-6277: superpathway of 5-aminoimidazole ribonucleotide biosynthesis|g__Bifidobacterium.s__Bifidobacterium_adolescentis	103.9001209246
PWY-6277: superpathway of 5-aminoimidazole ribonucleotide biosynthesis|unclassified	81.2586729789
PWY-6277: superpathway of 5-aminoimidazole ribonucleotide biosynthesis|g__Faecalibacterium.s__Faecalibacterium_prausnitzii	74.0909865015
PWY-6277: superpathway of 5-aminoimidazole ribonucleotide biosynthesis|g__Collinsella.s__Collinsella_aerofaciens	53.4579723178
PWY-6277: superpathway of 5-aminoimidazole ribonucleotide biosynthesis|g__Prevotella.s__Prevotella_sp_CAG_5226	51.5871400280
PWY-6277: superpathway of 5-aminoimidazole ribonucleotide biosynthesis|g__Succinatimonas.s__Succinatimonas_sp_CAG_777	45.1158517914
PWY-6277: superpathway of 5-aminoimidazole ribonucleotide biosynthesis|g__Phascolarctobacterium.s__Phascolarctobacterium_succinatutens	33.4196455299
PWY-6277: superpathway of 5-aminoimidazole ribonucleotide biosynthesis|g__Firmicutes_unclassified.s__Firmicutes_bacterium_CAG_65_45_313	32.9089801897
PWY-6277: superpathway of 5-aminoimidazole ribonucleotide biosynthesis|g__Clostridium.s__Clostridium_sp_CAG_217	29.4162203766
PWY-6277: superpathway of 5-aminoimidazole ribonucleotide biosynthesis|g__Prevotella.s__Prevotella_sp_CAG_1092	26.3991086363
PWY-6277: superpathway of 5-aminoimidazole ribonucleotide biosynthesis|g__Holdemanella.s__Holdemanella_biformis	26.1184077160
PWY-6277: superpathway of 5-aminoimidazole ribonucleotide biosynthesis|g__Coprococcus.s__Coprococcus_eutactus	24.6043516079
PWY-6277: superpathway of 5-aminoimidazole ribonucleotide biosynthesis|g__Blautia.s__Blautia_sp	21.8867296818
PWY-6277: superpathway of 5-aminoimidazole ribonucleotide biosynthesis|g__Bifidobacterium.s__Bifidobacterium_longum	19.9392328143
PWY-6277: superpathway of 5-aminoimidazole ribonucleotide biosynthesis|g__Ruminococcus.s__Ruminococcus_sp_CAG_330	19.2853935764
PWY-6277: superpathway of 5-aminoimidazole ribonucleotide biosynthesis|g__Bifidobacterium.s__Bifidobacterium_pseudocatenulatum	18.9449168966
PWY-6277: superpathway of 5-aminoimidazole ribonucleotide biosynthesis|g__Blautia.s__Ruminococcus_torques	18.3454833153
PWY-6277: superpathway of 5-aminoimidazole ribonucleotide biosynthesis|g__Roseburia.s__Roseburia_faecis	15.6998556999
PWY-6277: superpathway of 5-aminoimidazole ribonucleotide biosynthesis|g__Anaerostipes.s__Anaerostipes_hadrus	15.4906891202
PWY-6277: superpathway of 5-aminoimidazole ribonucleotide biosynthesis|g__Prevotella.s__Prevotella_sp_CAG_520	13.6255991759
PWY-6277: superpathway of 5-aminoimidazole ribonucleotide biosynthesis|g__Dorea.s__Dorea_longicatena	13.0643611912
PWY-6277: superpathway of 5-aminoimidazole ribonucleotide biosynthesis|g__Bifidobacterium.s__Bifidobacterium_catenulatum	13.0551200315
PWY-6277: superpathway of 5-aminoimidazole ribonucleotide biosynthesis|g__Blautia.s__Blautia_obeum	12.0186672348
PWY-6277: superpathway of 5-aminoimidazole ribonucleotide biosynthesis|g__Lactobacillus.s__Lactobacillus_ruminis	10.7242840487
PWY-6277: superpathway of 5-aminoimidazole ribonucleotide biosynthesis|g__Gemmiger.s__Gemmiger_formicilis	9.6472855470
PWY-6277: superpathway of 5-aminoimidazole ribonucleotide biosynthesis|g__Eubacterium.s__Eubacterium_hallii	8.0602530082
PWY-6277: superpathway of 5-aminoimidazole ribonucleotide biosynthesis|g__Dorea.s__Dorea_formicigenerans	6.0610652322
PWY-6277: superpathway of 5-aminoimidazole ribonucleotide biosynthesis|g__Blautia.s__Blautia_wexlerae	5.8810442723
PWY-6277: superpathway of 5-aminoimidazole ribonucleotide biosynthesis|g__Catenibacterium.s__Catenibacterium_mitsuokai	5.6025426925
PWY-6277: superpathway of 5-aminoimidazole ribonucleotide biosynthesis|g__Lachnospira.s__Lachnospira_pectinoschiza	4.6407750094
PWY-6277: superpathway of 5-aminoimidazole ribonucleotide biosynthesis|g__Lachnospiraceae_unclassified.s__Eubacterium_rectale	3.7400654511
PWY-6277: superpathway of 5-aminoimidazole ribonucleotide biosynthesis|g__Roseburia.s__Roseburia_hominis	3.6508372590
PWY-6277: superpathway of 5-aminoimidazole ribonucleotide biosynthesis|g__Ruminococcus.s__Ruminococcus_lactaris	2.0819778790
PWY-6700: queuosine biosynthesis I (de novo)	1373.3178229015
PWY-6700: queuosine biosynthesis I (de novo)|g__Prevotella.s__Prevotella_copri	221.7639299068
PWY-6700: queuosine biosynthesis I (de novo)|g__Prevotella.s__Prevotella_sp_AM42_24	136.6848006661
PWY-6700: queuosine biosynthesis I (de novo)|unclassified	118.9092554493
PWY-6700: queuosine biosynthesis I (de novo)|g__Faecalibacterium.s__Faecalibacterium_prausnitzii	57.4100410161
PWY-6700: queuosine biosynthesis I (de novo)|g__Prevotella.s__Prevotella_sp_CAG_732	48.1195608575
PWY-6700: queuosine biosynthesis I (de novo)|g__Collinsella.s__Collinsella_aerofaciens	41.2067696836
PWY-6700: queuosine biosynthesis I (de novo)|g__Prevotella.s__Prevotella_sp_CAG_5226	39.7308132101
PWY-6700: queuosine biosynthesis I (de novo)|g__Prevotella.s__Prevotella_sp_CAG_386	36.4616743212
PWY-6700: queuosine biosynthesis I (de novo)|g__Phascolarctobacterium.s__Phascolarctobacterium_succinatutens	30.1752128427
PWY-6700: queuosine biosynthesis I (de novo)|g__Clostridium.s__Clostridium_sp_CAG_217	22.7893787059
PWY-6700: queuosine biosynthesis I (de novo)|g__Firmicutes_unclassified.s__Firmicutes_bacterium_CAG_65_45_313	22.3217521126
PWY-6700: queuosine biosynthesis I (de novo)|g__Prevotella.s__Prevotella_sp_CAG_1092	20.8693353357
PWY-6700: queuosine biosynthesis I (de novo)|g__Ruminococcus.s__Ruminococcus_sp_CAG_330	20.4474540264
PWY-6700: queuosine biosynthesis I (de novo)|g__Prevotella.s__Prevotella_sp_CAG_520	17.1457836252
PWY-6700: queuosine biosynthesis I (de novo)|g__Blautia.s__Ruminococcus_torques	14.1666390919
PWY-6700: queuosine biosynthesis I (de novo)|g__Coprococcus.s__Coprococcus_eutactus	13.8897501085
PWY-6700: queuosine biosynthesis I (de novo)|g__Lactobacillus.s__Lactobacillus_ruminis	12.8311783534
PWY-6700: queuosine biosynthesis I (de novo)|g__Blautia.s__Blautia_sp	11.8770270888
PWY-6700: queuosine biosynthesis I (de novo)|g__Prevotella.s__Prevotella_sp_885	10.8339884517
PWY-6700: queuosine biosynthesis I (de novo)|g__Anaerostipes.s__Anaerostipes_hadrus	10.3196924441
PWY-6700: queuosine biosynthesis I (de novo)|g__Sutterella.s__Sutterella_sp_CAG_397	8.8626292467
PWY-6700: queuosine biosynthesis I (de novo)|g__Roseburia.s__Roseburia_faecis	8.7742557551
PWY-6700: queuosine biosynthesis I (de novo)|g__Gemmiger.s__Gemmiger_formicilis	8.5166680606
PWY-6700: queuosine biosynthesis I (de novo)|g__Eubacterium.s__Eubacterium_hallii	8.2610491532
PWY-6700: queuosine biosynthesis I (de novo)|g__Blautia.s__Blautia_obeum	6.9116338465
PWY-6700: queuosine biosynthesis I (de novo)|g__Dorea.s__Dorea_formicigenerans	6.5104166667
PWY-6700: queuosine biosynthesis I (de novo)|g__Lachnospiraceae_unclassified.s__Eubacterium_rectale	4.5693397304
PWY-6700: queuosine biosynthesis I (de novo)|g__Catenibacterium.s__Catenibacterium_mitsuokai	4.1830065359
PWY-6700: queuosine biosynthesis I (de novo)|g__Streptococcus.s__Streptococcus_thermophilus	3.8259206121
PWY-6700: queuosine biosynthesis I (de novo)|g__Roseburia.s__Roseburia_hominis	3.4329666930
ARO-PWY: chorismate biosynthesis I	1373.2809444666
ARO-PWY: chorismate biosynthesis I|g__Bifidobacterium.s__Bifidobacterium_adolescentis	175.9200339060
ARO-PWY: chorismate biosynthesis I|unclassified	150.8315857749
ARO-PWY: chorismate biosynthesis I|g__Faecalibacterium.s__Faecalibacterium_prausnitzii	135.4465923350
ARO-PWY: chorismate biosynthesis I|g__Prevotella.s__Prevotella_sp_AM42_24	119.6853172775
ARO-PWY: chorismate biosynthesis I|g__Succinatimonas.s__Succinatimonas_sp_CAG_777	46.0741334418
ARO-PWY: chorismate biosynthesis I|g__Collinsella.s__Collinsella_aerofaciens	42.3961679306
ARO-PWY: chorismate biosynthesis I|g__Prevotella.s__Prevotella_sp_CAG_732	40.6832692498
ARO-PWY: chorismate biosynthesis I|g__Phascolarctobacterium.s__Phascolarctobacterium_succinatutens	35.6599633645
ARO-PWY: chorismate biosynthesis I|g__Clostridium.s__Clostridium_sp_CAG_217	33.8148949492
ARO-PWY: chorismate biosynthesis I|g__Blautia.s__Blautia_sp	24.3374176396
ARO-PWY: chorismate biosynthesis I|g__Ruminococcus.s__Ruminococcus_sp_CAG_330	23.1973278401
ARO-PWY: chorismate biosynthesis I|g__Holdemanella.s__Holdemanella_biformis	21.1333678073
ARO-PWY: chorismate biosynthesis I|g__Coprococcus.s__Coprococcus_eutactus	21.0942663733
ARO-PWY: chorismate biosynthesis I|g__Lactobacillus.s__Lactobacillus_ruminis	19.8293896442
ARO-PWY: chorismate biosynthesis I|g__Blautia.s__Ruminococcus_torques	19.5218463200
ARO-PWY: chorismate biosynthesis I|g__Roseburia.s__Roseburia_faecis	16.7905303183
ARO-PWY: chorismate biosynthesis I|g__Firmicutes_unclassified.s__Firmicutes_bacterium_CAG_65_45_313	16.3456773543
ARO-PWY: chorismate biosynthesis I|g__Anaerostipes.s__Anaerostipes_hadrus	11.7335104556
ARO-PWY: chorismate biosynthesis I|g__Eubacterium.s__Eubacterium_hallii	11.5608717712
ARO-PWY: chorismate biosynthesis I|g__Prevotella.s__Prevotella_sp_885	11.2772052190
ARO-PWY: chorismate biosynthesis I|g__Blautia.s__Blautia_obeum	9.1714985978
ARO-PWY: chorismate biosynthesis I|g__Bifidobacterium.s__Bifidobacterium_longum	9.0213261228
ARO-PWY: chorismate biosynthesis I|g__Sutterella.s__Sutterella_sp_CAG_397	6.5973819165
ARO-PWY: chorismate biosynthesis I|g__Roseburia.s__Roseburia_hominis	5.8819116335
ARO-PWY: chorismate biosynthesis I|g__Bifidobacterium.s__Bifidobacterium_catenulatum	3.4424840360
ARO-PWY: chorismate biosynthesis I|g__Catenibacterium.s__Catenibacterium_mitsuokai	3.2656550049
PWY-6385: peptidoglycan biosynthesis III (mycobacteria)	1371.9301522735
PWY-6385: peptidoglycan biosynthesis III (mycobacteria)|g__Prevotella.s__Prevotella_copri	289.4361100944
PWY-6385: peptidoglycan biosynthesis III (mycobacteria)|g__Bifidobacterium.s__Bifidobacterium_adolescentis	174.0218976005
PWY-6385: peptidoglycan biosynthesis III (mycobacteria)|g__Prevotella.s__Prevotella_sp_AM42_24	126.4307902910
PWY-6385: peptidoglycan biosynthesis III (mycobacteria)|unclassified	101.4146094619
PWY-6385: peptidoglycan biosynthesis III (mycobacteria)|g__Faecalibacterium.s__Faecalibacterium_prausnitzii	59.5931063976
PWY-6385: peptidoglycan biosynthesis III (mycobacteria)|g__Prevotella.s__Prevotella_sp_CAG_732	47.9745520482
PWY-6385: peptidoglycan biosynthesis III (mycobacteria)|g__Collinsella.s__Collinsella_aerofaciens	47.1469865943
PWY-6385: peptidoglycan biosynthesis III (mycobacteria)|g__Prevotella.s__Prevotella_sp_CAG_5226	42.6454359841
PWY-6385: peptidoglycan biosynthesis III (mycobacteria)|g__Succinatimonas.s__Succinatimonas_sp_CAG_777	40.6621417100
PWY-6385: peptidoglycan biosynthesis III (mycobacteria)|g__Prevotella.s__Prevotella_sp_CAG_386	29.3966527232
PWY-6385: peptidoglycan biosynthesis III (mycobacteria)|g__Phascolarctobacterium.s__Phascolarctobacterium_succinatutens	25.0972575345
PWY-6385: peptidoglycan biosynthesis III (mycobacteria)|g__Prevotella.s__Prevotella_sp_CAG_1092	21.7041123154
PWY-6385: peptidoglycan biosynthesis III (mycobacteria)|g__Blautia.s__Blautia_sp	21.4896062070
PWY-6385: peptidoglycan biosynthesis III (mycobacteria)|g__Ruminococcus.s__Ruminococcus_sp_CAG_330	20.9931575076
PWY-6385: peptidoglycan biosynthesis III (mycobacteria)|g__Roseburia.s__Roseburia_faecis	17.4046024405
PWY-6385: peptidoglycan biosynthesis III (mycobacteria)|g__Blautia.s__Ruminococcus_torques	17.2245357619
PWY-6385: peptidoglycan biosynthesis III (mycobacteria)|g__Prevotella.s__Prevotella_sp_CAG_520	15.4701111270
PWY-6385: peptidoglycan biosynthesis III (mycobacteria)|g__Anaerostipes.s__Anaerostipes_hadrus	14.3825108314
PWY-6385: peptidoglycan biosynthesis III (mycobacteria)|g__Prevotella.s__Prevotella_sp_885	14.2488309617
PWY-6385: peptidoglycan biosynthesis III (mycobacteria)|g__Dorea.s__Dorea_longicatena	12.7486106713
PWY-6385: peptidoglycan biosynthesis III (mycobacteria)|g__Clostridium.s__Clostridium_sp_44_14	7.9312952277
PWY-6385: peptidoglycan biosynthesis III (mycobacteria)|g__Bifidobacterium.s__Bifidobacterium_catenulatum	5.9602104513
PWY-6385: peptidoglycan biosynthesis III (mycobacteria)|g__Blautia.s__Blautia_wexlerae	5.6144555656
PWY-6385: peptidoglycan biosynthesis III (mycobacteria)|g__Blautia.s__Blautia_obeum	4.9156467891
PWY-6385: peptidoglycan biosynthesis III (mycobacteria)|g__Bifidobacterium.s__Bifidobacterium_pseudocatenulatum	1.4341144424
COMPLETE-ARO-PWY: superpathway of aromatic amino acid biosynthesis	1361.0518133435
COMPLETE-ARO-PWY: superpathway of aromatic amino acid biosynthesis|unclassified	108.5528067978
COMPLETE-ARO-PWY: superpathway of aromatic amino acid biosynthesis|g__Succinatimonas.s__Succinatimonas_sp_CAG_777	45.5692960237
COMPLETE-ARO-PWY: superpathway of aromatic amino acid biosynthesis|g__Clostridium.s__Clostridium_sp_CAG_217	35.5748623557
COMPLETE-ARO-PWY: superpathway of aromatic amino acid biosynthesis|g__Phascolarctobacterium.s__Phascolarctobacterium_succinatutens	35.2645999459
COMPLETE-ARO-PWY: superpathway of aromatic amino acid biosynthesis|g__Blautia.s__Blautia_sp	24.6406457862
COMPLETE-ARO-PWY: superpathway of aromatic amino acid biosynthesis|g__Coprococcus.s__Coprococcus_eutactus	21.4135898514
COMPLETE-ARO-PWY: superpathway of aromatic amino acid biosynthesis|g__Roseburia.s__Roseburia_faecis	17.7449135330
COMPLETE-ARO-PWY: superpathway of aromatic amino acid biosynthesis|g__Blautia.s__Ruminococcus_torques	15.6112441838
COMPLETE-ARO-PWY: superpathway of aromatic amino acid biosynthesis|g__Eubacterium.s__Eubacterium_hallii	11.3470930634
COMPLETE-ARO-PWY: superpathway of aromatic amino acid biosynthesis|g__Blautia.s__Blautia_obeum	5.3623570573
PWY-6151: S-adenosyl-L-methionine salvage I	1342.7719164082
PWY-6151: S-adenosyl-L-methionine salvage I|unclassified	234.6382996475
PWY-6151: S-adenosyl-L-methionine salvage I|g__Prevotella.s__Prevotella_copri	221.2782911498
PWY-6151: S-adenosyl-L-methionine salvage I|g__Bifidobacterium.s__Bifidobacterium_adolescentis	182.3401088791
PWY-6151: S-adenosyl-L-methionine salvage I|g__Prevotella.s__Prevotella_sp_AM42_24	107.4399193400
PWY-6151: S-adenosyl-L-methionine salvage I|g__Faecalibacterium.s__Faecalibacterium_prausnitzii	51.3113116494
PWY-6151: S-adenosyl-L-methionine salvage I|g__Prevotella.s__Prevotella_sp_CAG_5226	47.4330072527
PWY-6151: S-adenosyl-L-methionine salvage I|g__Succinatimonas.s__Succinatimonas_sp_CAG_777	33.8839474799
PWY-6151: S-adenosyl-L-methionine salvage I|g__Collinsella.s__Collinsella_aerofaciens	30.7213495037
PWY-6151: S-adenosyl-L-methionine salvage I|g__Holdemanella.s__Holdemanella_biformis	28.9481196962
PWY-6151: S-adenosyl-L-methionine salvage I|g__Firmicutes_unclassified.s__Firmicutes_bacterium_CAG_65_45_313	27.1701319820
PWY-6151: S-adenosyl-L-methionine salvage I|g__Anaerostipes.s__Anaerostipes_hadrus	26.9574466184
PWY-6151: S-adenosyl-L-methionine salvage I|g__Dorea.s__Dorea_longicatena	24.3906389528
PWY-6151: S-adenosyl-L-methionine salvage I|g__Prevotella.s__Prevotella_sp_CAG_520	22.1813258750
PWY-6151: S-adenosyl-L-methionine salvage I|g__Lactobacillus.s__Lactobacillus_ruminis	21.6270866073
PWY-6151: S-adenosyl-L-methionine salvage I|g__Prevotella.s__Prevotella_sp_CAG_386	20.0153964588
PWY-6151: S-adenosyl-L-methionine salvage I|g__Roseburia.s__Roseburia_faecis	19.7052509308
PWY-6151: S-adenosyl-L-methionine salvage I|g__Coprococcus.s__Coprococcus_eutactus	19.2680665001
PWY-6151: S-adenosyl-L-methionine salvage I|g__Prevotella.s__Prevotella_sp_CAG_732	19.1691332831
PWY-6151: S-adenosyl-L-methionine salvage I|g__Prevotella.s__Prevotella_sp_CAG_1092	16.6377816291
PWY-6151: S-adenosyl-L-methionine salvage I|g__Blautia.s__Ruminococcus_torques	16.4970041221
PWY-6151: S-adenosyl-L-methionine salvage I|g__Bifidobacterium.s__Bifidobacterium_longum	12.1278941566
PWY-6151: S-adenosyl-L-methionine salvage I|g__Prevotella.s__Prevotella_sp_885	12.1074536512
PWY-6151: S-adenosyl-L-methionine salvage I|g__Ruminococcus.s__Ruminococcus_sp_CAG_330	11.9317719585
PWY-6151: S-adenosyl-L-methionine salvage I|g__Blautia.s__Blautia_wexlerae	5.8074770670
PWY-6151: S-adenosyl-L-methionine salvage I|g__Bifidobacterium.s__Bifidobacterium_catenulatum	2.7538349504
PWY-6151: S-adenosyl-L-methionine salvage I|g__Bifidobacterium.s__Bifidobacterium_pseudocatenulatum	1.9879616817
PWY-7238: sucrose biosynthesis II	1342.7532606096
PWY-7238: sucrose biosynthesis II|g__Bifidobacterium.s__Bifidobacterium_adolescentis	272.4636846373
PWY-7238: sucrose biosynthesis II|g__Faecalibacterium.s__Faecalibacterium_prausnitzii	148.3978246451
PWY-7238: sucrose biosynthesis II|unclassified	101.3726153927
PWY-7238: sucrose biosynthesis II|g__Collinsella.s__Collinsella_aerofaciens	70.5007748978
PWY-7238: sucrose biosynthesis II|g__Firmicutes_unclassified.s__Firmicutes_bacterium_CAG_65_45_313	50.9138607348
PWY-7238: sucrose biosynthesis II|g__Dorea.s__Dorea_longicatena	40.9476455544
PWY-7238: sucrose biosynthesis II|g__Blautia.s__Blautia_obeum	40.0192353232
PWY-7238: sucrose biosynthesis II|g__Clostridium.s__Clostridium_sp_CAG_217	36.7603746378
PWY-7238: sucrose biosynthesis II|g__Succinatimonas.s__Succinatimonas_sp_CAG_777	35.3113885465
PWY-7238: sucrose biosynthesis II|g__Blautia.s__Ruminococcus_torques	35.2523254399
PWY-7238: sucrose biosynthesis II|g__Roseburia.s__Roseburia_faecis	34.2678806551
PWY-7238: sucrose biosynthesis II|g__Blautia.s__Blautia_sp	32.4564856181
PWY-7238: sucrose biosynthesis II|g__Coprococcus.s__Coprococcus_eutactus	28.4507323257
PWY-7238: sucrose biosynthesis II|g__Ruminococcus.s__Ruminococcus_sp_CAG_330	27.7779191316
PWY-7238: sucrose biosynthesis II|g__Clostridium.s__Clostridium_sp_44_14	26.9620639453
PWY-7238: sucrose biosynthesis II|g__Anaerostipes.s__Anaerostipes_hadrus	21.9388132486
PWY-7238: sucrose biosynthesis II|g__Bifidobacterium.s__Bifidobacterium_longum	16.9166210574
PWY-7238: sucrose biosynthesis II|g__Holdemanella.s__Holdemanella_biformis	15.6800507856
PWY-7238: sucrose biosynthesis II|g__Bifidobacterium.s__Bifidobacterium_catenulatum	15.0374093919
PWY-7238: sucrose biosynthesis II|g__Firmicutes_unclassified.s__Firmicutes_bacterium_CAG_176	13.8108152300
PWY-7238: sucrose biosynthesis II|g__Eubacterium.s__Eubacterium_hallii	12.6028504996
PWY-7238: sucrose biosynthesis II|g__Gemmiger.s__Gemmiger_formicilis	12.4929135383
PWY-7238: sucrose biosynthesis II|g__Roseburia.s__Roseburia_hominis	10.2664414233
PWY-7238: sucrose biosynthesis II|g__Catenibacterium.s__Catenibacterium_mitsuokai	8.5194691715
PWY-7238: sucrose biosynthesis II|g__Dorea.s__Dorea_formicigenerans	7.1956564401
PWY-7238: sucrose biosynthesis II|g__Bifidobacterium.s__Bifidobacterium_pseudocatenulatum	6.4967516242
PWY-7238: sucrose biosynthesis II|g__Lachnospiraceae_unclassified.s__Eubacterium_rectale	5.9866054321
PWY-7238: sucrose biosynthesis II|g__Lachnospira.s__Lachnospira_pectinoschiza	5.2388289676
PWY-7238: sucrose biosynthesis II|g__Blautia.s__Blautia_wexlerae	4.9459276439
PWY-7953: UDP-N-acetylmuramoyl-pentapeptide biosynthesis III (meso-diaminopimelate containing)	1323.4040739022
PWY-7953: UDP-N-acetylmuramoyl-pentapeptide biosynthesis III (meso-diaminopimelate containing)|g__Prevotella.s__Prevotella_copri	305.1284752079
PWY-7953: UDP-N-acetylmuramoyl-pentapeptide biosynthesis III (meso-diaminopimelate containing)|g__Prevotella.s__Prevotella_sp_AM42_24	126.1423865852
PWY-7953: UDP-N-acetylmuramoyl-pentapeptide biosynthesis III (meso-diaminopimelate containing)|unclassified	77.5064562333
PWY-7953: UDP-N-acetylmuramoyl-pentapeptide biosynthesis III (meso-diaminopimelate containing)|g__Prevotella.s__Prevotella_sp_CAG_732	44.7808134347
PWY-7953: UDP-N-acetylmuramoyl-pentapeptide biosynthesis III (meso-diaminopimelate containing)|g__Prevotella.s__Prevotella_sp_CAG_5226	39.6806123178
PWY-7953: UDP-N-acetylmuramoyl-pentapeptide biosynthesis III (meso-diaminopimelate containing)|g__Succinatimonas.s__Succinatimonas_sp_CAG_777	38.1309648943
PWY-7953: UDP-N-acetylmuramoyl-pentapeptide biosynthesis III (meso-diaminopimelate containing)|g__Prevotella.s__Prevotella_sp_CAG_386	28.9802473682
PWY-7953: UDP-N-acetylmuramoyl-pentapeptide biosynthesis III (meso-diaminopimelate containing)|g__Ruminococcus.s__Ruminococcus_sp_CAG_330	21.3108328026
PWY-7953: UDP-N-acetylmuramoyl-pentapeptide biosynthesis III (meso-diaminopimelate containing)|g__Blautia.s__Ruminococcus_torques	20.4906014473
PWY-7953: UDP-N-acetylmuramoyl-pentapeptide biosynthesis III (meso-diaminopimelate containing)|g__Blautia.s__Blautia_sp	20.0252944248
PWY-7953: UDP-N-acetylmuramoyl-pentapeptide biosynthesis III (meso-diaminopimelate containing)|g__Prevotella.s__Prevotella_sp_CAG_1092	19.3782718560
PWY-7953: UDP-N-acetylmuramoyl-pentapeptide biosynthesis III (meso-diaminopimelate containing)|g__Roseburia.s__Roseburia_faecis	18.5359756280
PWY-7953: UDP-N-acetylmuramoyl-pentapeptide biosynthesis III (meso-diaminopimelate containing)|g__Firmicutes_unclassified.s__Firmicutes_bacterium_CAG_176	17.9419841112
PWY-7953: UDP-N-acetylmuramoyl-pentapeptide biosynthesis III (meso-diaminopimelate containing)|g__Anaerostipes.s__Anaerostipes_hadrus	17.7098618631
PWY-7953: UDP-N-acetylmuramoyl-pentapeptide biosynthesis III (meso-diaminopimelate containing)|g__Dorea.s__Dorea_longicatena	12.5537053345
PWY-7953: UDP-N-acetylmuramoyl-pentapeptide biosynthesis III (meso-diaminopimelate containing)|g__Prevotella.s__Prevotella_sp_885	10.7723847855
PWY-7953: UDP-N-acetylmuramoyl-pentapeptide biosynthesis III (meso-diaminopimelate containing)|g__Clostridium.s__Clostridium_sp_44_14	7.4730188239
PWY-7953: UDP-N-acetylmuramoyl-pentapeptide biosynthesis III (meso-diaminopimelate containing)|g__Dorea.s__Dorea_formicigenerans	7.4200179879
PWY-7953: UDP-N-acetylmuramoyl-pentapeptide biosynthesis III (meso-diaminopimelate containing)|g__Blautia.s__Blautia_wexlerae	6.5575822317
PWY-7953: UDP-N-acetylmuramoyl-pentapeptide biosynthesis III (meso-diaminopimelate containing)|g__Roseburia.s__Roseburia_hominis	6.5004735479
PWY-7953: UDP-N-acetylmuramoyl-pentapeptide biosynthesis III (meso-diaminopimelate containing)|g__Blautia.s__Blautia_obeum	4.8299536528
PWY-7953: UDP-N-acetylmuramoyl-pentapeptide biosynthesis III (meso-diaminopimelate containing)|g__Lachnospiraceae_unclassified.s__Eubacterium_rectale	2.5996211981
TRNA-CHARGING-PWY: tRNA charging	1299.4320689672
TRNA-CHARGING-PWY: tRNA charging|g__Prevotella.s__Prevotella_copri	251.5944091308
TRNA-CHARGING-PWY: tRNA charging|g__Faecalibacterium.s__Faecalibacterium_prausnitzii	75.3499048347
TRNA-CHARGING-PWY: tRNA charging|unclassified	58.0175484371
TRNA-CHARGING-PWY: tRNA charging|g__Succinatimonas.s__Succinatimonas_sp_CAG_777	37.8359513116
TRNA-CHARGING-PWY: tRNA charging|g__Anaerostipes.s__Anaerostipes_hadrus	14.9565639003
TRNA-CHARGING-PWY: tRNA charging|g__Holdemanella.s__Holdemanella_biformis	14.8625368353
TRNA-CHARGING-PWY: tRNA charging|g__Gemmiger.s__Gemmiger_formicilis	12.1651571690
TRNA-CHARGING-PWY: tRNA charging|g__Blautia.s__Ruminococcus_torques	8.7900194253
NONMEVIPP-PWY: methylerythritol phosphate pathway I	1286.1926486454
NONMEVIPP-PWY: methylerythritol phosphate pathway I|g__Bifidobacterium.s__Bifidobacterium_adolescentis	168.9393974329
NONMEVIPP-PWY: methylerythritol phosphate pathway I|unclassified	91.7472322645
NONMEVIPP-PWY: methylerythritol phosphate pathway I|g__Collinsella.s__Collinsella_aerofaciens	43.7887804941
NONMEVIPP-PWY: methylerythritol phosphate pathway I|g__Succinatimonas.s__Succinatimonas_sp_CAG_777	41.3219758029
NONMEVIPP-PWY: methylerythritol phosphate pathway I|g__Phascolarctobacterium.s__Phascolarctobacterium_succinatutens	31.2562012496
NONMEVIPP-PWY: methylerythritol phosphate pathway I|g__Coprococcus.s__Coprococcus_eutactus	22.2974856021
NONMEVIPP-PWY: methylerythritol phosphate pathway I|g__Clostridium.s__Clostridium_sp_CAG_217	20.3481953363
NONMEVIPP-PWY: methylerythritol phosphate pathway I|g__Firmicutes_unclassified.s__Firmicutes_bacterium_CAG_65_45_313	19.7752390414
NONMEVIPP-PWY: methylerythritol phosphate pathway I|g__Dorea.s__Dorea_longicatena	16.5099712922
NONMEVIPP-PWY: methylerythritol phosphate pathway I|g__Roseburia.s__Roseburia_faecis	15.8908533098
NONMEVIPP-PWY: methylerythritol phosphate pathway I|g__Blautia.s__Ruminococcus_torques	13.4853496745
NONMEVIPP-PWY: methylerythritol phosphate pathway I|g__Bifidobacterium.s__Bifidobacterium_longum	12.3203829670
NONMEVIPP-PWY: methylerythritol phosphate pathway I|g__Anaerostipes.s__Anaerostipes_hadrus	11.1431572529
NONMEVIPP-PWY: methylerythritol phosphate pathway I|g__Eubacterium.s__Eubacterium_hallii	9.2148432654
NONMEVIPP-PWY: methylerythritol phosphate pathway I|g__Blautia.s__Blautia_wexlerae	5.3713051723
PWY-5097: L-lysine biosynthesis VI	1261.6715785707
PWY-5097: L-lysine biosynthesis VI|g__Prevotella.s__Prevotella_copri	227.9811675400
PWY-5097: L-lysine biosynthesis VI|g__Bifidobacterium.s__Bifidobacterium_adolescentis	221.0470195896
PWY-5097: L-lysine biosynthesis VI|g__Prevotella.s__Prevotella_sp_AM42_24	107.3594876011
PWY-5097: L-lysine biosynthesis VI|unclassified	89.7642789476
PWY-5097: L-lysine biosynthesis VI|g__Faecalibacterium.s__Faecalibacterium_prausnitzii	51.7121071524
PWY-5097: L-lysine biosynthesis VI|g__Prevotella.s__Prevotella_sp_CAG_732	46.2793176773
PWY-5097: L-lysine biosynthesis VI|g__Prevotella.s__Prevotella_sp_CAG_5226	30.7780210519
PWY-5097: L-lysine biosynthesis VI|g__Prevotella.s__Prevotella_sp_CAG_386	28.1285493544
PWY-5097: L-lysine biosynthesis VI|g__Coprococcus.s__Coprococcus_eutactus	25.7515116868
PWY-5097: L-lysine biosynthesis VI|g__Phascolarctobacterium.s__Phascolarctobacterium_succinatutens	20.8073267146
PWY-5097: L-lysine biosynthesis VI|g__Prevotella.s__Prevotella_sp_CAG_1092	16.9565819222
PWY-5097: L-lysine biosynthesis VI|g__Dorea.s__Dorea_longicatena	15.4150410444
PWY-5097: L-lysine biosynthesis VI|g__Blautia.s__Ruminococcus_torques	14.0957730926
PWY-5097: L-lysine biosynthesis VI|g__Ruminococcus.s__Ruminococcus_sp_CAG_330	13.1956862673
PWY-5097: L-lysine biosynthesis VI|g__Bifidobacterium.s__Bifidobacterium_catenulatum	13.1483866042
PWY-5097: L-lysine biosynthesis VI|g__Anaerostipes.s__Anaerostipes_hadrus	12.1747565387
PWY-5097: L-lysine biosynthesis VI|g__Bifidobacterium.s__Bifidobacterium_longum	11.6459949555
PWY-5097: L-lysine biosynthesis VI|g__Lactobacillus.s__Lactobacillus_ruminis	8.6393242252
PWY-5097: L-lysine biosynthesis VI|g__Prevotella.s__Prevotella_sp_885	7.9846824459
PWY-5097: L-lysine biosynthesis VI|g__Roseburia.s__Roseburia_hominis	6.0007174323
PWY-5097: L-lysine biosynthesis VI|g__Lachnospira.s__Lachnospira_pectinoschiza	3.4838127131
PWY-5097: L-lysine biosynthesis VI|g__Bifidobacterium.s__Bifidobacterium_pseudocatenulatum	2.2649155466
HISTSYN-PWY: L-histidine biosynthesis	1169.9963563320
HISTSYN-PWY: L-histidine biosynthesis|g__Bifidobacterium.s__Bifidobacterium_adolescentis	154.7636090570
HISTSYN-PWY: L-histidine biosynthesis|g__Prevotella.s__Prevotella_copri	149.3311634798
HISTSYN-PWY: L-histidine biosynthesis|unclassified	141.2395739680
HISTSYN-PWY: L-histidine biosynthesis|g__Prevotella.s__Prevotella_sp_AM42_24	102.1672827033
HISTSYN-PWY: L-histidine biosynthesis|g__Faecalibacterium.s__Faecalibacterium_prausnitzii	78.1391134096
HISTSYN-PWY: L-histidine biosynthesis|g__Prevotella.s__Prevotella_sp_CAG_5226	48.3842688022
HISTSYN-PWY: L-histidine biosynthesis|g__Succinatimonas.s__Succinatimonas_sp_CAG_777	37.3346424247
HISTSYN-PWY: L-histidine biosynthesis|g__Prevotella.s__Prevotella_sp_CAG_386	26.6544682990
HISTSYN-PWY: L-histidine biosynthesis|g__Prevotella.s__Prevotella_sp_CAG_732	26.0599663122
HISTSYN-PWY: L-histidine biosynthesis|g__Clostridium.s__Clostridium_sp_CAG_217	25.0608094160
HISTSYN-PWY: L-histidine biosynthesis|g__Collinsella.s__Collinsella_aerofaciens	24.1189313646
HISTSYN-PWY: L-histidine biosynthesis|g__Ruminococcus.s__Ruminococcus_sp_CAG_330	22.6323182329
HISTSYN-PWY: L-histidine biosynthesis|g__Prevotella.s__Prevotella_sp_CAG_1092	19.7079078407
HISTSYN-PWY: L-histidine biosynthesis|g__Lactobacillus.s__Lactobacillus_ruminis	14.6871238799
HISTSYN-PWY: L-histidine biosynthesis|g__Blautia.s__Blautia_sp	13.2436645041
HISTSYN-PWY: L-histidine biosynthesis|g__Bifidobacterium.s__Bifidobacterium_longum	12.1739048696
PWY-5941: glycogen degradation II	1167.7679486464
PWY-5941: glycogen degradation II|g__Bifidobacterium.s__Bifidobacterium_adolescentis	233.3586886603
PWY-5941: glycogen degradation II|g__Faecalibacterium.s__Faecalibacterium_prausnitzii	122.7996909052
PWY-5941: glycogen degradation II|g__Collinsella.s__Collinsella_aerofaciens	68.5966790515
PWY-5941: glycogen degradation II|g__Dorea.s__Dorea_longicatena	34.9126873950
PWY-5941: glycogen degradation II|g__Blautia.s__Blautia_sp	34.7776312919
PWY-5941: glycogen degradation II|g__Blautia.s__Ruminococcus_torques	29.7333191669
PWY-5941: glycogen degradation II|g__Coprococcus.s__Coprococcus_eutactus	29.7214779277
PWY-5941: glycogen degradation II|g__Blautia.s__Blautia_obeum	27.9161309031
PWY-5941: glycogen degradation II|g__Roseburia.s__Roseburia_faecis	25.0710050861
PWY-5941: glycogen degradation II|g__Anaerostipes.s__Anaerostipes_hadrus	23.0705061725
PWY-5941: glycogen degradation II|g__Bifidobacterium.s__Bifidobacterium_catenulatum	16.3754877907
PWY-5941: glycogen degradation II|g__Holdemanella.s__Holdemanella_biformis	15.3795623051
PWY-5941: glycogen degradation II|g__Eubacterium.s__Eubacterium_hallii	13.8974156664
PWY-5941: glycogen degradation II|g__Bifidobacterium.s__Bifidobacterium_longum	13.6355603622
PWY-5941: glycogen degradation II|g__Dorea.s__Dorea_formicigenerans	7.0616935225
PWY-5941: glycogen degradation II|g__Blautia.s__Blautia_wexlerae	6.2546524854
PWY-5941: glycogen degradation II|g__Bifidobacterium.s__Bifidobacterium_pseudocatenulatum	5.8640003007
PWY-5941: glycogen degradation II|g__Lachnospira.s__Lachnospira_pectinoschiza	5.7485103571
PWY-7977: L-methionine biosynthesis IV	1150.6454614314
PWY-7977: L-methionine biosynthesis IV|g__Prevotella.s__Prevotella_copri	260.6476364026
PWY-7977: L-methionine biosynthesis IV|g__Prevotella.s__Prevotella_sp_AM42_24	114.8933627246
PWY-7977: L-methionine biosynthesis IV|unclassified	90.3400228057
PWY-7977: L-methionine biosynthesis IV|g__Faecalibacterium.s__Faecalibacterium_prausnitzii	50.8188400945
PWY-7977: L-methionine biosynthesis IV|g__Collinsella.s__Collinsella_aerofaciens	45.0031341630
PWY-7977: L-methionine biosynthesis IV|g__Prevotella.s__Prevotella_sp_CAG_732	39.0450010181
PWY-7977: L-methionine biosynthesis IV|g__Coprococcus.s__Coprococcus_eutactus	29.4312273927
PWY-7977: L-methionine biosynthesis IV|g__Prevotella.s__Prevotella_sp_CAG_5226	28.3182764796
PWY-7977: L-methionine biosynthesis IV|g__Prevotella.s__Prevotella_sp_CAG_386	26.3918737144
PWY-7977: L-methionine biosynthesis IV|g__Prevotella.s__Prevotella_sp_CAG_520	16.8336251663
PWY-7977: L-methionine biosynthesis IV|g__Blautia.s__Ruminococcus_torques	14.5816480057
PWY-7977: L-methionine biosynthesis IV|g__Dorea.s__Dorea_longicatena	13.9729812993
PWY-7977: L-methionine biosynthesis IV|g__Anaerostipes.s__Anaerostipes_hadrus	10.3512839139
PWY-7977: L-methionine biosynthesis IV|g__Prevotella.s__Prevotella_sp_885	8.2280189759
PWY-7977: L-methionine biosynthesis IV|g__Roseburia.s__Roseburia_hominis	5.0572500556
ANAGLYCOLYSIS-PWY: glycolysis III (from glucose)	1150.1994877448
ANAGLYCOLYSIS-PWY: glycolysis III (from glucose)|g__Prevotella.s__Prevotella_copri	203.1915822509
ANAGLYCOLYSIS-PWY: glycolysis III (from glucose)|g__Faecalibacterium.s__Faecalibacterium_prausnitzii	84.8587621766
ANAGLYCOLYSIS-PWY: glycolysis III (from glucose)|g__Collinsella.s__Collinsella_aerofaciens	50.4998225013
ANAGLYCOLYSIS-PWY: glycolysis III (from glucose)|unclassified	42.7902875872
ANAGLYCOLYSIS-PWY: glycolysis III (from glucose)|g__Anaerostipes.s__Anaerostipes_hadrus	26.1039577969
ANAGLYCOLYSIS-PWY: glycolysis III (from glucose)|g__Roseburia.s__Roseburia_faecis	17.8035816605
ANAGLYCOLYSIS-PWY: glycolysis III (from glucose)|g__Blautia.s__Ruminococcus_torques	13.8041662302
ANAGLYCOLYSIS-PWY: glycolysis III (from glucose)|g__Blautia.s__Blautia_wexlerae	6.6568290236
ANAGLYCOLYSIS-PWY: glycolysis III (from glucose)|g__Blautia.s__Blautia_obeum	2.4467875211
COA-PWY-1: superpathway of coenzyme A biosynthesis III (mammals)	1112.9699489494
COA-PWY-1: superpathway of coenzyme A biosynthesis III (mammals)|g__Bifidobacterium.s__Bifidobacterium_adolescentis	152.9856208096
COA-PWY-1: superpathway of coenzyme A biosynthesis III (mammals)|g__Faecalibacterium.s__Faecalibacterium_prausnitzii	85.8964659585
COA-PWY-1: superpathway of coenzyme A biosynthesis III (mammals)|unclassified	77.1273645496
COA-PWY-1: superpathway of coenzyme A biosynthesis III (mammals)|g__Prevotella.s__Prevotella_sp_CAG_5226	40.7581600477
COA-PWY-1: superpathway of coenzyme A biosynthesis III (mammals)|g__Succinatimonas.s__Succinatimonas_sp_CAG_777	38.1770837447
COA-PWY-1: superpathway of coenzyme A biosynthesis III (mammals)|g__Collinsella.s__Collinsella_aerofaciens	32.4593662197
COA-PWY-1: superpathway of coenzyme A biosynthesis III (mammals)|g__Ruminococcus.s__Ruminococcus_sp_CAG_330	22.9495325974
COA-PWY-1: superpathway of coenzyme A biosynthesis III (mammals)|g__Roseburia.s__Roseburia_faecis	19.5729096781
COA-PWY-1: superpathway of coenzyme A biosynthesis III (mammals)|g__Coprococcus.s__Coprococcus_eutactus	14.2554050201
COA-PWY-1: superpathway of coenzyme A biosynthesis III (mammals)|g__Blautia.s__Ruminococcus_torques	11.4416377572
COA-PWY-1: superpathway of coenzyme A biosynthesis III (mammals)|g__Lactobacillus.s__Lactobacillus_ruminis	10.1305478583
COA-PWY-1: superpathway of coenzyme A biosynthesis III (mammals)|g__Blautia.s__Blautia_obeum	4.2999301322
COA-PWY-1: superpathway of coenzyme A biosynthesis III (mammals)|g__Catenibacterium.s__Catenibacterium_mitsuokai	3.3590863285
PWY-3841: folate transformations II (plants)	1107.2281488776
PWY-3841: folate transformations II (plants)|g__Prevotella.s__Prevotella_copri	204.3645689264
PWY-3841: folate transformations II (plants)|g__Bifidobacterium.s__Bifidobacterium_adolescentis	144.4471902772
PWY-3841: folate transformations II (plants)|unclassified	118.1264754121
PWY-3841: folate transformations II (plants)|g__Prevotella.s__Prevotella_sp_AM42_24	114.5487018666
PWY-3841: folate transformations II (plants)|g__Prevotella.s__Prevotella_sp_CAG_5226	41.1624976368
PWY-3841: folate transformations II (plants)|g__Succinatimonas.s__Succinatimonas_sp_CAG_777	38.8324399470
PWY-3841: folate transformations II (plants)|g__Firmicutes_unclassified.s__Firmicutes_bacterium_CAG_65_45_313	22.5442009069
PWY-3841: folate transformations II (plants)|g__Roseburia.s__Roseburia_faecis	15.4197040340
PWY-3841: folate transformations II (plants)|g__Blautia.s__Ruminococcus_torques	14.7967601931
PWY-3841: folate transformations II (plants)|g__Anaerostipes.s__Anaerostipes_hadrus	14.6829146832
PWY-3841: folate transformations II (plants)|g__Prevotella.s__Prevotella_sp_CAG_520	11.8189276961
PWY-3841: folate transformations II (plants)|g__Prevotella.s__Prevotella_sp_885	11.6807698689
PWY-3841: folate transformations II (plants)|g__Firmicutes_unclassified.s__Firmicutes_bacterium_CAG_176	11.0530985035
PWY-3841: folate transformations II (plants)|g__Roseburia.s__Roseburia_hominis	5.9919650160
PWY-6609: adenine and adenosine salvage III	1105.3158160383
PWY-6609: adenine and adenosine salvage III|unclassified	232.4074647370
PWY-6609: adenine and adenosine salvage III|g__Prevotella.s__Prevotella_copri	165.7865258441
PWY-6609: adenine and adenosine salvage III|g__Prevotella.s__Prevotella_sp_AM42_24	124.8289304730
PWY-6609: adenine and adenosine salvage III|g__Faecalibacterium.s__Faecalibacterium_prausnitzii	63.5477430698
PWY-6609: adenine and adenosine salvage III|g__Ruminococcus.s__Ruminococcus_sp_CAG_330	32.9620220181
PWY-6609: adenine and adenosine salvage III|g__Clostridium.s__Clostridium_sp_CAG_217	32.3529411765
PWY-6609: adenine and adenosine salvage III|g__Coprococcus.s__Coprococcus_eutactus	24.1764883651
PWY-6609: adenine and adenosine salvage III|g__Prevotella.s__Prevotella_sp_CAG_386	23.4978180598
PWY-6609: adenine and adenosine salvage III|g__Blautia.s__Ruminococcus_torques	16.9865042051
PWY-6609: adenine and adenosine salvage III|g__Roseburia.s__Roseburia_faecis	16.2942020804
PWY-6609: adenine and adenosine salvage III|g__Anaerostipes.s__Anaerostipes_hadrus	15.7235112438
PWY-6609: adenine and adenosine salvage III|g__Firmicutes_unclassified.s__Firmicutes_bacterium_CAG_176	15.4168043167
PWY-6609: adenine and adenosine salvage III|g__Blautia.s__Blautia_sp	14.5454545455
PWY-6609: adenine and adenosine salvage III|g__Firmicutes_unclassified.s__Firmicutes_bacterium_CAG_65_45_313	14.3589743590
PWY-6609: adenine and adenosine salvage III|g__Eubacterium.s__Eubacterium_sp_36_13	12.6296797474
PWY-6609: adenine and adenosine salvage III|g__Catenibacterium.s__Catenibacterium_mitsuokai	10.5513505351
PWY-6609: adenine and adenosine salvage III|g__Blautia.s__Blautia_wexlerae	9.6952908587
PWY-6609: adenine and adenosine salvage III|g__Coprococcus.s__Coprococcus_catus	9.0497737557
PWY-6609: adenine and adenosine salvage III|g__Roseburia.s__Roseburia_hominis	7.2475022001
PWY-6609: adenine and adenosine salvage III|g__Clostridium.s__Clostridium_sp_44_14	6.8880688807
PWY-6609: adenine and adenosine salvage III|g__Ruminococcus.s__Ruminococcus_sp_CAG_177	5.8309037901
PWY-6609: adenine and adenosine salvage III|g__Blautia.s__Blautia_obeum	4.4996433210
PWY-6629: superpathway of L-tryptophan biosynthesis	1095.8755134150
PWY-6629: superpathway of L-tryptophan biosynthesis|unclassified	66.0788576147
PWY-6629: superpathway of L-tryptophan biosynthesis|g__Phascolarctobacterium.s__Phascolarctobacterium_succinatutens	32.3448605636
PWY-6629: superpathway of L-tryptophan biosynthesis|g__Coprococcus.s__Coprococcus_eutactus	23.9088165592
PWY-6629: superpathway of L-tryptophan biosynthesis|g__Blautia.s__Blautia_sp	22.0250781057
PWY-6629: superpathway of L-tryptophan biosynthesis|g__Roseburia.s__Roseburia_faecis	15.3748588728
PWY-6629: superpathway of L-tryptophan biosynthesis|g__Blautia.s__Blautia_obeum	6.3392772319
PWY-6629: superpathway of L-tryptophan biosynthesis|g__Blautia.s__Ruminococcus_torques	5.0270202844
COA-PWY: coenzyme A biosynthesis I (prokaryotic)	1091.5461275924
COA-PWY: coenzyme A biosynthesis I (prokaryotic)|g__Bifidobacterium.s__Bifidobacterium_adolescentis	165.9458815816
COA-PWY: coenzyme A biosynthesis I (prokaryotic)|g__Prevotella.s__Prevotella_copri	116.2890856210
COA-PWY: coenzyme A biosynthesis I (prokaryotic)|g__Prevotella.s__Prevotella_sp_AM42_24	110.7221307197
COA-PWY: coenzyme A biosynthesis I (prokaryotic)|unclassified	89.7328159473
COA-PWY: coenzyme A biosynthesis I (prokaryotic)|g__Faecalibacterium.s__Faecalibacterium_prausnitzii	74.6998131028
COA-PWY: coenzyme A biosynthesis I (prokaryotic)|g__Succinatimonas.s__Succinatimonas_sp_CAG_777	44.8236421528
COA-PWY: coenzyme A biosynthesis I (prokaryotic)|g__Collinsella.s__Collinsella_aerofaciens	39.9046811261
COA-PWY: coenzyme A biosynthesis I (prokaryotic)|g__Prevotella.s__Prevotella_sp_CAG_5226	36.7740405850
COA-PWY: coenzyme A biosynthesis I (prokaryotic)|g__Prevotella.s__Prevotella_sp_CAG_732	32.9991819531
COA-PWY: coenzyme A biosynthesis I (prokaryotic)|g__Phascolarctobacterium.s__Phascolarctobacterium_succinatutens	29.7558303669
COA-PWY: coenzyme A biosynthesis I (prokaryotic)|g__Ruminococcus.s__Ruminococcus_sp_CAG_330	23.1381055676
COA-PWY: coenzyme A biosynthesis I (prokaryotic)|g__Roseburia.s__Roseburia_faecis	22.4466891134
COA-PWY: coenzyme A biosynthesis I (prokaryotic)|g__Coprococcus.s__Coprococcus_eutactus	22.3816063889
COA-PWY: coenzyme A biosynthesis I (prokaryotic)|g__Blautia.s__Ruminococcus_torques	22.0219308894
COA-PWY: coenzyme A biosynthesis I (prokaryotic)|g__Prevotella.s__Prevotella_sp_CAG_386	21.9204680454
COA-PWY: coenzyme A biosynthesis I (prokaryotic)|g__Prevotella.s__Prevotella_sp_CAG_520	18.2533249272
COA-PWY: coenzyme A biosynthesis I (prokaryotic)|g__Blautia.s__Blautia_sp	15.5869459328
COA-PWY: coenzyme A biosynthesis I (prokaryotic)|g__Holdemanella.s__Holdemanella_biformis	15.3319644079
COA-PWY: coenzyme A biosynthesis I (prokaryotic)|g__Anaerostipes.s__Anaerostipes_hadrus	15.2598950882
COA-PWY: coenzyme A biosynthesis I (prokaryotic)|g__Lactobacillus.s__Lactobacillus_ruminis	13.8422391858
COA-PWY: coenzyme A biosynthesis I (prokaryotic)|g__Dorea.s__Dorea_longicatena	6.7731011127
COA-PWY: coenzyme A biosynthesis I (prokaryotic)|g__Clostridium.s__Clostridium_sp_44_14	6.5843621399
COA-PWY: coenzyme A biosynthesis I (prokaryotic)|g__Prevotella.s__Prevotella_sp_885	5.8737151248
COA-PWY: coenzyme A biosynthesis I (prokaryotic)|g__Blautia.s__Blautia_obeum	5.7893087534
COA-PWY: coenzyme A biosynthesis I (prokaryotic)|g__Catenibacterium.s__Catenibacterium_mitsuokai	4.6136101499
PWY-7851: coenzyme A biosynthesis II (eukaryotic)	1091.5461275924
PWY-7851: coenzyme A biosynthesis II (eukaryotic)|g__Bifidobacterium.s__Bifidobacterium_adolescentis	141.6074778014
PWY-7851: coenzyme A biosynthesis II (eukaryotic)|g__Prevotella.s__Prevotella_copri	116.2890856210
PWY-7851: coenzyme A biosynthesis II (eukaryotic)|g__Prevotella.s__Prevotella_sp_AM42_24	109.7055047038
PWY-7851: coenzyme A biosynthesis II (eukaryotic)|unclassified	84.2214936660
PWY-7851: coenzyme A biosynthesis II (eukaryotic)|g__Faecalibacterium.s__Faecalibacterium_prausnitzii	74.1630168879
PWY-7851: coenzyme A biosynthesis II (eukaryotic)|g__Succinatimonas.s__Succinatimonas_sp_CAG_777	37.1337840606
PWY-7851: coenzyme A biosynthesis II (eukaryotic)|g__Prevotella.s__Prevotella_sp_CAG_5226	36.7740405850
PWY-7851: coenzyme A biosynthesis II (eukaryotic)|g__Collinsella.s__Collinsella_aerofaciens	27.7732488517
PWY-7851: coenzyme A biosynthesis II (eukaryotic)|g__Prevotella.s__Prevotella_sp_CAG_386	21.9204680454
PWY-7851: coenzyme A biosynthesis II (eukaryotic)|g__Ruminococcus.s__Ruminococcus_sp_CAG_330	21.6739235607
PWY-7851: coenzyme A biosynthesis II (eukaryotic)|g__Coprococcus.s__Coprococcus_eutactus	19.2942562002
PWY-7851: coenzyme A biosynthesis II (eukaryotic)|g__Roseburia.s__Roseburia_faecis	17.9937022042
PWY-7851: coenzyme A biosynthesis II (eukaryotic)|g__Prevotella.s__Prevotella_sp_CAG_520	12.8909148733
PWY-7851: coenzyme A biosynthesis II (eukaryotic)|g__Blautia.s__Ruminococcus_torques	10.5036898010
PWY-7851: coenzyme A biosynthesis II (eukaryotic)|g__Lactobacillus.s__Lactobacillus_ruminis	9.1223127746
PWY-7851: coenzyme A biosynthesis II (eukaryotic)|g__Blautia.s__Blautia_obeum	4.1761953900
PWY-7851: coenzyme A biosynthesis II (eukaryotic)|g__Catenibacterium.s__Catenibacterium_mitsuokai	3.1262211801
PWY-2942: L-lysine biosynthesis III	1055.4173263193
PWY-2942: L-lysine biosynthesis III|unclassified	70.7043367984
PWY-2942: L-lysine biosynthesis III|g__Blautia.s__Ruminococcus_torques	17.0682249055
PWY-2942: L-lysine biosynthesis III|g__Dorea.s__Dorea_longicatena	16.7099458196
PWY-2942: L-lysine biosynthesis III|g__Anaerostipes.s__Anaerostipes_hadrus	13.9917933456
PWY-6121: 5-aminoimidazole ribonucleotide biosynthesis I	1033.9512186613
PWY-6121: 5-aminoimidazole ribonucleotide biosynthesis I|unclassified	81.1887827923
PWY-6121: 5-aminoimidazole ribonucleotide biosynthesis I|g__Faecalibacterium.s__Faecalibacterium_prausnitzii	70.4978927681
PWY-6121: 5-aminoimidazole ribonucleotide biosynthesis I|g__Bifidobacterium.s__Bifidobacterium_adolescentis	69.8462255589
PWY-6121: 5-aminoimidazole ribonucleotide biosynthesis I|g__Collinsella.s__Collinsella_aerofaciens	48.8824628761
PWY-6121: 5-aminoimidazole ribonucleotide biosynthesis I|g__Phascolarctobacterium.s__Phascolarctobacterium_succinatutens	33.7404504235
PWY-6121: 5-aminoimidazole ribonucleotide biosynthesis I|g__Firmicutes_unclassified.s__Firmicutes_bacterium_CAG_65_45_313	30.3548206278
PWY-6121: 5-aminoimidazole ribonucleotide biosynthesis I|g__Holdemanella.s__Holdemanella_biformis	24.3549207183
PWY-6121: 5-aminoimidazole ribonucleotide biosynthesis I|g__Coprococcus.s__Coprococcus_eutactus	24.2793283374
PWY-6121: 5-aminoimidazole ribonucleotide biosynthesis I|g__Blautia.s__Ruminococcus_torques	20.1735067541
PWY-6121: 5-aminoimidazole ribonucleotide biosynthesis I|g__Clostridium.s__Clostridium_sp_CAG_217	19.7868022856
PWY-6121: 5-aminoimidazole ribonucleotide biosynthesis I|g__Ruminococcus.s__Ruminococcus_sp_CAG_330	19.2004283801
PWY-6121: 5-aminoimidazole ribonucleotide biosynthesis I|g__Blautia.s__Blautia_sp	17.4750013479
PWY-6121: 5-aminoimidazole ribonucleotide biosynthesis I|g__Anaerostipes.s__Anaerostipes_hadrus	15.7495380370
PWY-6121: 5-aminoimidazole ribonucleotide biosynthesis I|g__Roseburia.s__Roseburia_faecis	15.4836023447
PWY-6121: 5-aminoimidazole ribonucleotide biosynthesis I|g__Dorea.s__Dorea_longicatena	13.6686164546
PWY-6121: 5-aminoimidazole ribonucleotide biosynthesis I|g__Bifidobacterium.s__Bifidobacterium_catenulatum	11.3056030485
PWY-6121: 5-aminoimidazole ribonucleotide biosynthesis I|g__Lactobacillus.s__Lactobacillus_ruminis	11.1486381275
PWY-6121: 5-aminoimidazole ribonucleotide biosynthesis I|g__Gemmiger.s__Gemmiger_formicilis	9.9319778322
PWY-6121: 5-aminoimidazole ribonucleotide biosynthesis I|g__Blautia.s__Blautia_obeum	9.0692154548
PWY-6121: 5-aminoimidazole ribonucleotide biosynthesis I|g__Eubacterium.s__Eubacterium_hallii	8.6841387026
PWY-6121: 5-aminoimidazole ribonucleotide biosynthesis I|g__Blautia.s__Blautia_wexlerae	6.4221842525
PWY-6121: 5-aminoimidazole ribonucleotide biosynthesis I|g__Bifidobacterium.s__Bifidobacterium_pseudocatenulatum	5.6918375657
PWY-6121: 5-aminoimidazole ribonucleotide biosynthesis I|g__Lachnospira.s__Lachnospira_pectinoschiza	3.4154755196
PWY-6121: 5-aminoimidazole ribonucleotide biosynthesis I|g__Roseburia.s__Roseburia_hominis	3.1005077586
PWY-6121: 5-aminoimidazole ribonucleotide biosynthesis I|g__Lachnospiraceae_unclassified.s__Eubacterium_rectale	2.9086678301
PWY0-1586: peptidoglycan maturation (meso-diaminopimelate containing)	1033.9410343791
PWY0-1586: peptidoglycan maturation (meso-diaminopimelate containing)|g__Prevotella.s__Prevotella_copri	235.1198741090
PWY0-1586: peptidoglycan maturation (meso-diaminopimelate containing)|g__Faecalibacterium.s__Faecalibacterium_prausnitzii	53.7102440608
PWY0-1586: peptidoglycan maturation (meso-diaminopimelate containing)|g__Collinsella.s__Collinsella_aerofaciens	38.6894595495
PWY0-1586: peptidoglycan maturation (meso-diaminopimelate containing)|g__Succinatimonas.s__Succinatimonas_sp_CAG_777	32.3577923101
PWY0-1586: peptidoglycan maturation (meso-diaminopimelate containing)|g__Lactobacillus.s__Lactobacillus_ruminis	29.6355377925
PWY0-1586: peptidoglycan maturation (meso-diaminopimelate containing)|unclassified	18.7825458527
PWY0-1586: peptidoglycan maturation (meso-diaminopimelate containing)|g__Bifidobacterium.s__Bifidobacterium_catenulatum	12.7040847717
PWY0-1586: peptidoglycan maturation (meso-diaminopimelate containing)|g__Anaerostipes.s__Anaerostipes_hadrus	12.0559676789
PWY0-1586: peptidoglycan maturation (meso-diaminopimelate containing)|g__Lachnospira.s__Lachnospira_pectinoschiza	10.3301123868
PWY-7111: pyruvate fermentation to isobutanol (engineered)	1012.8367148747
PWY-7111: pyruvate fermentation to isobutanol (engineered)|g__Bifidobacterium.s__Bifidobacterium_adolescentis	179.4696141304
PWY-7111: pyruvate fermentation to isobutanol (engineered)|g__Prevotella.s__Prevotella_copri	163.7597433633
PWY-7111: pyruvate fermentation to isobutanol (engineered)|g__Faecalibacterium.s__Faecalibacterium_prausnitzii	63.7957529528
PWY-7111: pyruvate fermentation to isobutanol (engineered)|g__Coprococcus.s__Coprococcus_eutactus	24.6762644650
PWY-7111: pyruvate fermentation to isobutanol (engineered)|g__Anaerostipes.s__Anaerostipes_hadrus	20.7971906772
PWY-7111: pyruvate fermentation to isobutanol (engineered)|g__Dorea.s__Dorea_longicatena	20.7609526174
PWY-7111: pyruvate fermentation to isobutanol (engineered)|unclassified	19.5183018225
PWY-7111: pyruvate fermentation to isobutanol (engineered)|g__Phascolarctobacterium.s__Phascolarctobacterium_succinatutens	17.4734492058
PWY-7111: pyruvate fermentation to isobutanol (engineered)|g__Blautia.s__Ruminococcus_torques	14.9644962596
PWY-7111: pyruvate fermentation to isobutanol (engineered)|g__Bifidobacterium.s__Bifidobacterium_longum	14.2611256444
PWY-7111: pyruvate fermentation to isobutanol (engineered)|g__Roseburia.s__Roseburia_faecis	13.5084423392
PWY-7111: pyruvate fermentation to isobutanol (engineered)|g__Blautia.s__Blautia_wexlerae	8.4171559130
PWY-7111: pyruvate fermentation to isobutanol (engineered)|g__Roseburia.s__Roseburia_hominis	8.3480783892
PWY-7111: pyruvate fermentation to isobutanol (engineered)|g__Catenibacterium.s__Catenibacterium_mitsuokai	3.3012690707
PWY-7111: pyruvate fermentation to isobutanol (engineered)|g__Lachnospiraceae_unclassified.s__Eubacterium_rectale	3.0289108774
PWY-7111: pyruvate fermentation to isobutanol (engineered)|g__Blautia.s__Blautia_obeum	2.5113544605
PWY-5695: inosine 5'-phosphate degradation	1008.6976118166
PWY-5695: inosine 5'-phosphate degradation|g__Prevotella.s__Prevotella_copri	164.0662588260
PWY-5695: inosine 5'-phosphate degradation|g__Prevotella.s__Prevotella_sp_AM42_24	126.5482300747
PWY-5695: inosine 5'-phosphate degradation|unclassified	66.1294993593
PWY-5695: inosine 5'-phosphate degradation|g__Prevotella.s__Prevotella_sp_CAG_386	29.0049798991
PWY-5695: inosine 5'-phosphate degradation|g__Blautia.s__Ruminococcus_torques	18.2914856928
PWY-5695: inosine 5'-phosphate degradation|g__Roseburia.s__Roseburia_faecis	17.5028114918
PWY-5695: inosine 5'-phosphate degradation|g__Anaerostipes.s__Anaerostipes_hadrus	16.7157374869
PWY-5695: inosine 5'-phosphate degradation|g__Dorea.s__Dorea_longicatena	11.0402838930
PWY-5695: inosine 5'-phosphate degradation|g__Blautia.s__Blautia_wexlerae	10.3161843516
PWY-5695: inosine 5'-phosphate degradation|g__Blautia.s__Blautia_obeum	5.1152224654
ARGSYN-PWY: L-arginine biosynthesis I (via L-ornithine)	1003.7997802489
ARGSYN-PWY: L-arginine biosynthesis I (via L-ornithine)|g__Bifidobacterium.s__Bifidobacterium_adolescentis	143.1108085708
ARGSYN-PWY: L-arginine biosynthesis I (via L-ornithine)|g__Faecalibacterium.s__Faecalibacterium_prausnitzii	104.5382478719
ARGSYN-PWY: L-arginine biosynthesis I (via L-ornithine)|unclassified	79.3827057779
ARGSYN-PWY: L-arginine biosynthesis I (via L-ornithine)|g__Collinsella.s__Collinsella_aerofaciens	38.0771441937
ARGSYN-PWY: L-arginine biosynthesis I (via L-ornithine)|g__Clostridium.s__Clostridium_sp_CAG_217	28.6564304486
ARGSYN-PWY: L-arginine biosynthesis I (via L-ornithine)|g__Firmicutes_unclassified.s__Firmicutes_bacterium_CAG_65_45_313	27.1079117535
ARGSYN-PWY: L-arginine biosynthesis I (via L-ornithine)|g__Ruminococcus.s__Ruminococcus_sp_CAG_330	25.3317872310
ARGSYN-PWY: L-arginine biosynthesis I (via L-ornithine)|g__Phascolarctobacterium.s__Phascolarctobacterium_succinatutens	22.6368177494
ARGSYN-PWY: L-arginine biosynthesis I (via L-ornithine)|g__Blautia.s__Ruminococcus_torques	17.2428950922
ARGSYN-PWY: L-arginine biosynthesis I (via L-ornithine)|g__Roseburia.s__Roseburia_faecis	16.9238381495
ARGSYN-PWY: L-arginine biosynthesis I (via L-ornithine)|g__Anaerostipes.s__Anaerostipes_hadrus	15.3533089398
ARGSYN-PWY: L-arginine biosynthesis I (via L-ornithine)|g__Dorea.s__Dorea_longicatena	12.1762858611
ARGSYN-PWY: L-arginine biosynthesis I (via L-ornithine)|g__Blautia.s__Blautia_wexlerae	10.4505217537
ARGSYN-PWY: L-arginine biosynthesis I (via L-ornithine)|g__Clostridium.s__Clostridium_sp_44_14	9.3330797315
ARGSYN-PWY: L-arginine biosynthesis I (via L-ornithine)|g__Eubacterium.s__Eubacterium_sp_36_13	6.2526020189
ARGSYN-PWY: L-arginine biosynthesis I (via L-ornithine)|g__Bifidobacterium.s__Bifidobacterium_catenulatum	5.6031763542
ARGSYN-PWY: L-arginine biosynthesis I (via L-ornithine)|g__Catenibacterium.s__Catenibacterium_mitsuokai	5.5663062192
ARGSYN-PWY: L-arginine biosynthesis I (via L-ornithine)|g__Blautia.s__Blautia_obeum	2.8925063833
ARGSYN-PWY: L-arginine biosynthesis I (via L-ornithine)|g__Roseburia.s__Roseburia_hominis	2.5415509471
OANTIGEN-PWY: O-antigen building blocks biosynthesis (E. coli)	986.6661326808
OANTIGEN-PWY: O-antigen building blocks biosynthesis (E. coli)|g__Bifidobacterium.s__Bifidobacterium_adolescentis	91.6279516903
OANTIGEN-PWY: O-antigen building blocks biosynthesis (E. coli)|g__Collinsella.s__Collinsella_aerofaciens	65.3555312859
OANTIGEN-PWY: O-antigen building blocks biosynthesis (E. coli)|unclassified	46.4180721219
OANTIGEN-PWY: O-antigen building blocks biosynthesis (E. coli)|g__Succinatimonas.s__Succinatimonas_sp_CAG_777	36.8019779983
OANTIGEN-PWY: O-antigen building blocks biosynthesis (E. coli)|g__Ruminococcus.s__Ruminococcus_sp_CAG_330	21.4834716967
OANTIGEN-PWY: O-antigen building blocks biosynthesis (E. coli)|g__Lactobacillus.s__Lactobacillus_ruminis	16.6274655744
OANTIGEN-PWY: O-antigen building blocks biosynthesis (E. coli)|g__Bifidobacterium.s__Bifidobacterium_longum	10.7832186971
OANTIGEN-PWY: O-antigen building blocks biosynthesis (E. coli)|g__Bifidobacterium.s__Bifidobacterium_pseudocatenulatum	4.1223244059
GLYCOGENSYNTH-PWY: glycogen biosynthesis I (from ADP-D-Glucose)	979.3371291671
GLYCOGENSYNTH-PWY: glycogen biosynthesis I (from ADP-D-Glucose)|g__Bifidobacterium.s__Bifidobacterium_adolescentis	183.1048353237
GLYCOGENSYNTH-PWY: glycogen biosynthesis I (from ADP-D-Glucose)|unclassified	119.0485508709
GLYCOGENSYNTH-PWY: glycogen biosynthesis I (from ADP-D-Glucose)|g__Faecalibacterium.s__Faecalibacterium_prausnitzii	100.8263220231
GLYCOGENSYNTH-PWY: glycogen biosynthesis I (from ADP-D-Glucose)|g__Collinsella.s__Collinsella_aerofaciens	44.3050765999
GLYCOGENSYNTH-PWY: glycogen biosynthesis I (from ADP-D-Glucose)|g__Anaerostipes.s__Anaerostipes_hadrus	31.0226591719
GLYCOGENSYNTH-PWY: glycogen biosynthesis I (from ADP-D-Glucose)|g__Roseburia.s__Roseburia_faecis	28.7709926239
GLYCOGENSYNTH-PWY: glycogen biosynthesis I (from ADP-D-Glucose)|g__Dorea.s__Dorea_longicatena	26.9907714750
GLYCOGENSYNTH-PWY: glycogen biosynthesis I (from ADP-D-Glucose)|g__Firmicutes_unclassified.s__Firmicutes_bacterium_CAG_65_45_313	25.5226015126
GLYCOGENSYNTH-PWY: glycogen biosynthesis I (from ADP-D-Glucose)|g__Eubacterium.s__Eubacterium_hallii	23.4814621429
GLYCOGENSYNTH-PWY: glycogen biosynthesis I (from ADP-D-Glucose)|g__Clostridium.s__Clostridium_sp_CAG_217	23.3118388135
GLYCOGENSYNTH-PWY: glycogen biosynthesis I (from ADP-D-Glucose)|g__Blautia.s__Ruminococcus_torques	23.1483158848
GLYCOGENSYNTH-PWY: glycogen biosynthesis I (from ADP-D-Glucose)|g__Blautia.s__Blautia_obeum	18.0117641872
GLYCOGENSYNTH-PWY: glycogen biosynthesis I (from ADP-D-Glucose)|g__Holdemanella.s__Holdemanella_biformis	17.6418700382
GLYCOGENSYNTH-PWY: glycogen biosynthesis I (from ADP-D-Glucose)|g__Lactobacillus.s__Lactobacillus_ruminis	17.5227247837
GLYCOGENSYNTH-PWY: glycogen biosynthesis I (from ADP-D-Glucose)|g__Ruminococcus.s__Ruminococcus_sp_CAG_330	16.5686027760
GLYCOGENSYNTH-PWY: glycogen biosynthesis I (from ADP-D-Glucose)|g__Blautia.s__Blautia_sp	15.0850717940
GLYCOGENSYNTH-PWY: glycogen biosynthesis I (from ADP-D-Glucose)|g__Blautia.s__Blautia_wexlerae	13.4385747554
GLYCOGENSYNTH-PWY: glycogen biosynthesis I (from ADP-D-Glucose)|g__Gemmiger.s__Gemmiger_formicilis	12.9361568028
GLYCOGENSYNTH-PWY: glycogen biosynthesis I (from ADP-D-Glucose)|g__Firmicutes_unclassified.s__Firmicutes_bacterium_CAG_176	11.8116270570
GLYCOGENSYNTH-PWY: glycogen biosynthesis I (from ADP-D-Glucose)|g__Catenibacterium.s__Catenibacterium_mitsuokai	10.4464779325
GLYCOGENSYNTH-PWY: glycogen biosynthesis I (from ADP-D-Glucose)|g__Roseburia.s__Roseburia_hominis	8.9236928347
GLYCOGENSYNTH-PWY: glycogen biosynthesis I (from ADP-D-Glucose)|g__Bifidobacterium.s__Bifidobacterium_catenulatum	8.2485732538
GLYCOGENSYNTH-PWY: glycogen biosynthesis I (from ADP-D-Glucose)|g__Bifidobacterium.s__Bifidobacterium_longum	5.6534438896
GLYCOGENSYNTH-PWY: glycogen biosynthesis I (from ADP-D-Glucose)|g__Lachnospiraceae_unclassified.s__Eubacterium_rectale	2.4338159093
GLYCOGENSYNTH-PWY: glycogen biosynthesis I (from ADP-D-Glucose)|g__Bifidobacterium.s__Bifidobacterium_pseudocatenulatum	2.1321961620
GLYCOGENSYNTH-PWY: glycogen biosynthesis I (from ADP-D-Glucose)|g__Ruminococcus.s__Ruminococcus_lactaris	1.9793129059
GLUTORN-PWY: L-ornithine biosynthesis I	973.0021671839
GLUTORN-PWY: L-ornithine biosynthesis I|g__Bifidobacterium.s__Bifidobacterium_adolescentis	142.2701559653
GLUTORN-PWY: L-ornithine biosynthesis I|g__Faecalibacterium.s__Faecalibacterium_prausnitzii	72.7616690265
GLUTORN-PWY: L-ornithine biosynthesis I|unclassified	44.3212383169
GLUTORN-PWY: L-ornithine biosynthesis I|g__Collinsella.s__Collinsella_aerofaciens	40.9649401566
GLUTORN-PWY: L-ornithine biosynthesis I|g__Firmicutes_unclassified.s__Firmicutes_bacterium_CAG_65_45_313	27.7898762993
GLUTORN-PWY: L-ornithine biosynthesis I|g__Phascolarctobacterium.s__Phascolarctobacterium_succinatutens	26.3674983104
GLUTORN-PWY: L-ornithine biosynthesis I|g__Ruminococcus.s__Ruminococcus_sp_CAG_330	24.3875198142
GLUTORN-PWY: L-ornithine biosynthesis I|g__Clostridium.s__Clostridium_sp_CAG_217	19.3626252552
GLUTORN-PWY: L-ornithine biosynthesis I|g__Blautia.s__Blautia_sp	16.8044495503
GLUTORN-PWY: L-ornithine biosynthesis I|g__Roseburia.s__Roseburia_faecis	15.7364045747
GLUTORN-PWY: L-ornithine biosynthesis I|g__Anaerostipes.s__Anaerostipes_hadrus	12.1952470172
GLUTORN-PWY: L-ornithine biosynthesis I|g__Blautia.s__Ruminococcus_torques	10.8845736688
GLUTORN-PWY: L-ornithine biosynthesis I|g__Dorea.s__Dorea_longicatena	8.5694322167
GLUTORN-PWY: L-ornithine biosynthesis I|g__Clostridium.s__Clostridium_sp_44_14	8.1290161211
GLUTORN-PWY: L-ornithine biosynthesis I|g__Eubacterium.s__Eubacterium_sp_36_13	7.8673382853
GLUTORN-PWY: L-ornithine biosynthesis I|g__Blautia.s__Blautia_wexlerae	7.0613988631
GLUTORN-PWY: L-ornithine biosynthesis I|g__Catenibacterium.s__Catenibacterium_mitsuokai	5.6808959584
GLUTORN-PWY: L-ornithine biosynthesis I|g__Bifidobacterium.s__Bifidobacterium_catenulatum	3.7972966864
GLUTORN-PWY: L-ornithine biosynthesis I|g__Blautia.s__Blautia_obeum	2.2349002015
GLUTORN-PWY: L-ornithine biosynthesis I|g__Roseburia.s__Roseburia_hominis	2.0618556701
ARGSYNBSUB-PWY: L-arginine biosynthesis II (acetyl cycle)	972.2584938201
ARGSYNBSUB-PWY: L-arginine biosynthesis II (acetyl cycle)|g__Bifidobacterium.s__Bifidobacterium_adolescentis	153.5940432055
ARGSYNBSUB-PWY: L-arginine biosynthesis II (acetyl cycle)|g__Faecalibacterium.s__Faecalibacterium_prausnitzii	103.5782854781
ARGSYNBSUB-PWY: L-arginine biosynthesis II (acetyl cycle)|unclassified	101.2475312457
ARGSYNBSUB-PWY: L-arginine biosynthesis II (acetyl cycle)|g__Collinsella.s__Collinsella_aerofaciens	42.0126155500
ARGSYNBSUB-PWY: L-arginine biosynthesis II (acetyl cycle)|g__Firmicutes_unclassified.s__Firmicutes_bacterium_CAG_65_45_313	27.7511874620
ARGSYNBSUB-PWY: L-arginine biosynthesis II (acetyl cycle)|g__Clostridium.s__Clostridium_sp_CAG_217	27.0857156190
ARGSYNBSUB-PWY: L-arginine biosynthesis II (acetyl cycle)|g__Ruminococcus.s__Ruminococcus_sp_CAG_330	26.4063823905
ARGSYNBSUB-PWY: L-arginine biosynthesis II (acetyl cycle)|g__Coprococcus.s__Coprococcus_eutactus	25.0798118773
ARGSYNBSUB-PWY: L-arginine biosynthesis II (acetyl cycle)|g__Phascolarctobacterium.s__Phascolarctobacterium_succinatutens	25.0148819762
ARGSYNBSUB-PWY: L-arginine biosynthesis II (acetyl cycle)|g__Blautia.s__Ruminococcus_torques	21.5370001079
ARGSYNBSUB-PWY: L-arginine biosynthesis II (acetyl cycle)|g__Roseburia.s__Roseburia_faecis	16.8691337176
ARGSYNBSUB-PWY: L-arginine biosynthesis II (acetyl cycle)|g__Anaerostipes.s__Anaerostipes_hadrus	16.5559082069
ARGSYNBSUB-PWY: L-arginine biosynthesis II (acetyl cycle)|g__Blautia.s__Blautia_sp	16.4140343287
ARGSYNBSUB-PWY: L-arginine biosynthesis II (acetyl cycle)|g__Lactobacillus.s__Lactobacillus_ruminis	14.0610143975
ARGSYNBSUB-PWY: L-arginine biosynthesis II (acetyl cycle)|g__Dorea.s__Dorea_longicatena	12.7248459904
ARGSYNBSUB-PWY: L-arginine biosynthesis II (acetyl cycle)|g__Gemmiger.s__Gemmiger_formicilis	11.1828762703
ARGSYNBSUB-PWY: L-arginine biosynthesis II (acetyl cycle)|g__Clostridium.s__Clostridium_sp_44_14	10.1544527601
ARGSYNBSUB-PWY: L-arginine biosynthesis II (acetyl cycle)|g__Blautia.s__Blautia_wexlerae	9.0711768738
ARGSYNBSUB-PWY: L-arginine biosynthesis II (acetyl cycle)|g__Eubacterium.s__Eubacterium_sp_36_13	7.8954051315
ARGSYNBSUB-PWY: L-arginine biosynthesis II (acetyl cycle)|g__Bifidobacterium.s__Bifidobacterium_catenulatum	6.7175135683
ARGSYNBSUB-PWY: L-arginine biosynthesis II (acetyl cycle)|g__Catenibacterium.s__Catenibacterium_mitsuokai	6.1196326951
ARGSYNBSUB-PWY: L-arginine biosynthesis II (acetyl cycle)|g__Blautia.s__Blautia_obeum	3.9685910491
ARGSYNBSUB-PWY: L-arginine biosynthesis II (acetyl cycle)|g__Roseburia.s__Roseburia_hominis	2.8807111719
ARGSYNBSUB-PWY: L-arginine biosynthesis II (acetyl cycle)|g__Bifidobacterium.s__Bifidobacterium_pseudocatenulatum	1.8181404968
PWY-3001: superpathway of L-isoleucine biosynthesis I	964.9352050388
PWY-3001: superpathway of L-isoleucine biosynthesis I|unclassified	27.7165796703
PWY-3001: superpathway of L-isoleucine biosynthesis I|g__Bifidobacterium.s__Bifidobacterium_longum	14.3862425754
PWY-3001: superpathway of L-isoleucine biosynthesis I|g__Blautia.s__Ruminococcus_torques	5.4911009259
PANTOSYN-PWY: superpathway of coenzyme A biosynthesis I (bacteria)	947.3989797640
PANTOSYN-PWY: superpathway of coenzyme A biosynthesis I (bacteria)|unclassified	80.8396781306
PANTOSYN-PWY: superpathway of coenzyme A biosynthesis I (bacteria)|g__Prevotella.s__Prevotella_sp_CAG_5226	40.4806277226
PANTOSYN-PWY: superpathway of coenzyme A biosynthesis I (bacteria)|g__Succinatimonas.s__Succinatimonas_sp_CAG_777	36.6669568993
PANTOSYN-PWY: superpathway of coenzyme A biosynthesis I (bacteria)|g__Phascolarctobacterium.s__Phascolarctobacterium_succinatutens	32.7166699828
PANTOSYN-PWY: superpathway of coenzyme A biosynthesis I (bacteria)|g__Ruminococcus.s__Ruminococcus_sp_CAG_330	21.2404380321
PANTOSYN-PWY: superpathway of coenzyme A biosynthesis I (bacteria)|g__Anaerostipes.s__Anaerostipes_hadrus	18.8008399218
PANTOSYN-PWY: superpathway of coenzyme A biosynthesis I (bacteria)|g__Coprococcus.s__Coprococcus_eutactus	17.3615529221
PANTOSYN-PWY: superpathway of coenzyme A biosynthesis I (bacteria)|g__Roseburia.s__Roseburia_faecis	15.1795042730
PANTOSYN-PWY: superpathway of coenzyme A biosynthesis I (bacteria)|g__Blautia.s__Ruminococcus_torques	14.1799694928
PANTOSYN-PWY: superpathway of coenzyme A biosynthesis I (bacteria)|g__Clostridium.s__Clostridium_sp_44_14	8.0702496013
CALVIN-PWY: Calvin-Benson-Bassham cycle	936.0732737550
CALVIN-PWY: Calvin-Benson-Bassham cycle|g__Collinsella.s__Collinsella_aerofaciens	57.2366828110
CALVIN-PWY: Calvin-Benson-Bassham cycle|g__Prevotella.s__Prevotella_copri	53.4799051451
CALVIN-PWY: Calvin-Benson-Bassham cycle|unclassified	52.0911604352
CALVIN-PWY: Calvin-Benson-Bassham cycle|g__Blautia.s__Blautia_sp	23.9234355298
CALVIN-PWY: Calvin-Benson-Bassham cycle|g__Eubacterium.s__Eubacterium_hallii	21.2578861777
CALVIN-PWY: Calvin-Benson-Bassham cycle|g__Roseburia.s__Roseburia_faecis	20.2466961112
CALVIN-PWY: Calvin-Benson-Bassham cycle|g__Faecalibacterium.s__Faecalibacterium_prausnitzii	19.2636630915
CALVIN-PWY: Calvin-Benson-Bassham cycle|g__Anaerostipes.s__Anaerostipes_hadrus	17.8510414878
CALVIN-PWY: Calvin-Benson-Bassham cycle|g__Blautia.s__Blautia_wexlerae	8.2445762476
CALVIN-PWY: Calvin-Benson-Bassham cycle|g__Blautia.s__Ruminococcus_torques	5.2622556623
CALVIN-PWY: Calvin-Benson-Bassham cycle|g__Blautia.s__Blautia_obeum	4.2833559872
PWY-724: superpathway of L-lysine, L-threonine and L-methionine biosynthesis II	925.6869285703
PWY-724: superpathway of L-lysine, L-threonine and L-methionine biosynthesis II|g__Bifidobacterium.s__Bifidobacterium_adolescentis	180.4505095454
PWY-724: superpathway of L-lysine, L-threonine and L-methionine biosynthesis II|unclassified	72.9281634282
PWY-724: superpathway of L-lysine, L-threonine and L-methionine biosynthesis II|g__Faecalibacterium.s__Faecalibacterium_prausnitzii	40.6298885019
PWY-724: superpathway of L-lysine, L-threonine and L-methionine biosynthesis II|g__Coprococcus.s__Coprococcus_eutactus	23.1241961985
PWY-724: superpathway of L-lysine, L-threonine and L-methionine biosynthesis II|g__Phascolarctobacterium.s__Phascolarctobacterium_succinatutens	21.5845214933
PWY-724: superpathway of L-lysine, L-threonine and L-methionine biosynthesis II|g__Dorea.s__Dorea_longicatena	15.2090211148
PWY-724: superpathway of L-lysine, L-threonine and L-methionine biosynthesis II|g__Bifidobacterium.s__Bifidobacterium_longum	12.1669359236
PWY-724: superpathway of L-lysine, L-threonine and L-methionine biosynthesis II|g__Anaerostipes.s__Anaerostipes_hadrus	11.6640100071
PWY-724: superpathway of L-lysine, L-threonine and L-methionine biosynthesis II|g__Bifidobacterium.s__Bifidobacterium_catenulatum	11.2374107325
PWY-724: superpathway of L-lysine, L-threonine and L-methionine biosynthesis II|g__Lactobacillus.s__Lactobacillus_ruminis	10.5767741637
PWY-724: superpathway of L-lysine, L-threonine and L-methionine biosynthesis II|g__Blautia.s__Ruminococcus_torques	9.7834760784
PWY-724: superpathway of L-lysine, L-threonine and L-methionine biosynthesis II|g__Roseburia.s__Roseburia_hominis	6.3363954632
PWY-724: superpathway of L-lysine, L-threonine and L-methionine biosynthesis II|g__Bifidobacterium.s__Bifidobacterium_pseudocatenulatum	2.6184022075
TRPSYN-PWY: L-tryptophan biosynthesis	912.5350399699
TRPSYN-PWY: L-tryptophan biosynthesis|g__Prevotella.s__Prevotella_copri	176.7803137238
TRPSYN-PWY: L-tryptophan biosynthesis|unclassified	44.8509410038
TRPSYN-PWY: L-tryptophan biosynthesis|g__Coprococcus.s__Coprococcus_eutactus	35.0312174491
TRPSYN-PWY: L-tryptophan biosynthesis|g__Phascolarctobacterium.s__Phascolarctobacterium_succinatutens	30.1516909727
TRPSYN-PWY: L-tryptophan biosynthesis|g__Firmicutes_unclassified.s__Firmicutes_bacterium_CAG_65_45_313	25.8058123342
TRPSYN-PWY: L-tryptophan biosynthesis|g__Ruminococcus.s__Ruminococcus_sp_CAG_330	23.8823036044
TRPSYN-PWY: L-tryptophan biosynthesis|g__Anaerostipes.s__Anaerostipes_hadrus	20.2932046145
TRPSYN-PWY: L-tryptophan biosynthesis|g__Blautia.s__Blautia_sp	19.9733688415
TRPSYN-PWY: L-tryptophan biosynthesis|g__Roseburia.s__Roseburia_faecis	13.7634269002
TRPSYN-PWY: L-tryptophan biosynthesis|g__Blautia.s__Blautia_obeum	11.4645706652
TRPSYN-PWY: L-tryptophan biosynthesis|g__Clostridium.s__Clostridium_sp_44_14	9.8648584469
TRPSYN-PWY: L-tryptophan biosynthesis|g__Blautia.s__Blautia_wexlerae	8.5336641208
TRPSYN-PWY: L-tryptophan biosynthesis|g__Lachnospiraceae_unclassified.s__Eubacterium_rectale	2.8945953769
TRPSYN-PWY: L-tryptophan biosynthesis|g__Blautia.s__Ruminococcus_torques	2.5627443837
PWY-7237: myo-, chiro- and scyllo-inositol degradation	888.3885372486
PWY-7237: myo-, chiro- and scyllo-inositol degradation|unclassified	90.8502261437
PWY-7237: myo-, chiro- and scyllo-inositol degradation|g__Dorea.s__Dorea_longicatena	37.9520455178
PWY-7237: myo-, chiro- and scyllo-inositol degradation|g__Blautia.s__Blautia_sp	22.6666666667
PWY-7237: myo-, chiro- and scyllo-inositol degradation|g__Blautia.s__Blautia_obeum	11.4930031209
PWY-7237: myo-, chiro- and scyllo-inositol degradation|g__Agathobaculum.s__Agathobaculum_butyriciproducens	8.0738177624
HSERMETANA-PWY: L-methionine biosynthesis III	869.0476578890
HSERMETANA-PWY: L-methionine biosynthesis III|unclassified	152.3771573108
HSERMETANA-PWY: L-methionine biosynthesis III|g__Bifidobacterium.s__Bifidobacterium_adolescentis	131.5400758203
HSERMETANA-PWY: L-methionine biosynthesis III|g__Coprococcus.s__Coprococcus_eutactus	40.8654131273
HSERMETANA-PWY: L-methionine biosynthesis III|g__Anaerostipes.s__Anaerostipes_hadrus	21.9239749802
HSERMETANA-PWY: L-methionine biosynthesis III|g__Blautia.s__Blautia_sp	21.0693739084
HSERMETANA-PWY: L-methionine biosynthesis III|g__Dorea.s__Dorea_longicatena	19.4770806541
HSERMETANA-PWY: L-methionine biosynthesis III|g__Blautia.s__Ruminococcus_torques	18.8709298550
HSERMETANA-PWY: L-methionine biosynthesis III|g__Lactobacillus.s__Lactobacillus_ruminis	17.7886246433
HSERMETANA-PWY: L-methionine biosynthesis III|g__Roseburia.s__Roseburia_faecis	16.8790615242
HSERMETANA-PWY: L-methionine biosynthesis III|g__Bifidobacterium.s__Bifidobacterium_longum	10.0548446069
HSERMETANA-PWY: L-methionine biosynthesis III|g__Blautia.s__Blautia_wexlerae	9.1111595709
HSERMETANA-PWY: L-methionine biosynthesis III|g__Catenibacterium.s__Catenibacterium_mitsuokai	5.8309037901
HSERMETANA-PWY: L-methionine biosynthesis III|g__Roseburia.s__Roseburia_hominis	4.3760800878
PANTO-PWY: phosphopantothenate biosynthesis I	851.7228855624
PANTO-PWY: phosphopantothenate biosynthesis I|unclassified	86.3177677352
PANTO-PWY: phosphopantothenate biosynthesis I|g__Prevotella.s__Prevotella_sp_CAG_5226	55.2304821077
PANTO-PWY: phosphopantothenate biosynthesis I|g__Succinatimonas.s__Succinatimonas_sp_CAG_777	41.6445842019
PANTO-PWY: phosphopantothenate biosynthesis I|g__Phascolarctobacterium.s__Phascolarctobacterium_succinatutens	37.6783771677
PANTO-PWY: phosphopantothenate biosynthesis I|g__Anaerostipes.s__Anaerostipes_hadrus	25.1337672496
PANTO-PWY: phosphopantothenate biosynthesis I|g__Blautia.s__Blautia_sp	19.3751806222
PANTO-PWY: phosphopantothenate biosynthesis I|g__Ruminococcus.s__Ruminococcus_sp_CAG_330	18.5394793334
PANTO-PWY: phosphopantothenate biosynthesis I|g__Blautia.s__Ruminococcus_torques	17.1370363713
PANTO-PWY: phosphopantothenate biosynthesis I|g__Coprococcus.s__Coprococcus_eutactus	13.8848289974
PANTO-PWY: phosphopantothenate biosynthesis I|g__Dorea.s__Dorea_longicatena	13.2031220917
PANTO-PWY: phosphopantothenate biosynthesis I|g__Roseburia.s__Roseburia_faecis	11.6514558649
PANTO-PWY: phosphopantothenate biosynthesis I|g__Eubacterium.s__Eubacterium_hallii	8.9485458613
PANTO-PWY: phosphopantothenate biosynthesis I|g__Clostridium.s__Clostridium_sp_44_14	8.9344118445
PANTO-PWY: phosphopantothenate biosynthesis I|g__Sutterella.s__Sutterella_sp_CAG_397	7.7340158760
PANTO-PWY: phosphopantothenate biosynthesis I|g__Blautia.s__Blautia_obeum	2.2954776312
PANTO-PWY: phosphopantothenate biosynthesis I|g__Blautia.s__Blautia_wexlerae	1.6214025132
1CMET2-PWY: folate transformations III (E. coli)	836.1363625954
1CMET2-PWY: folate transformations III (E. coli)|unclassified	65.1552719843
1CMET2-PWY: folate transformations III (E. coli)|g__Prevotella.s__Prevotella_sp_CAG_5226	38.9475296598
1CMET2-PWY: folate transformations III (E. coli)|g__Prevotella.s__Prevotella_sp_CAG_520	12.7498022073
1CMET2-PWY: folate transformations III (E. coli)|g__Roseburia.s__Roseburia_faecis	12.3957324263
1CMET2-PWY: folate transformations III (E. coli)|g__Anaerostipes.s__Anaerostipes_hadrus	12.1157234725
THRESYN-PWY: superpathway of L-threonine biosynthesis	833.1907970144
THRESYN-PWY: superpathway of L-threonine biosynthesis|g__Bifidobacterium.s__Bifidobacterium_adolescentis	166.7163914726
THRESYN-PWY: superpathway of L-threonine biosynthesis|unclassified	76.9937656646
THRESYN-PWY: superpathway of L-threonine biosynthesis|g__Collinsella.s__Collinsella_aerofaciens	44.1918771236
THRESYN-PWY: superpathway of L-threonine biosynthesis|g__Faecalibacterium.s__Faecalibacterium_prausnitzii	33.4025062547
THRESYN-PWY: superpathway of L-threonine biosynthesis|g__Phascolarctobacterium.s__Phascolarctobacterium_succinatutens	22.9058876716
THRESYN-PWY: superpathway of L-threonine biosynthesis|g__Lactobacillus.s__Lactobacillus_ruminis	15.8243707544
THRESYN-PWY: superpathway of L-threonine biosynthesis|g__Bifidobacterium.s__Bifidobacterium_longum	15.7638933662
THRESYN-PWY: superpathway of L-threonine biosynthesis|g__Holdemanella.s__Holdemanella_biformis	13.4537749233
THRESYN-PWY: superpathway of L-threonine biosynthesis|g__Bifidobacterium.s__Bifidobacterium_catenulatum	7.8987123962
THRESYN-PWY: superpathway of L-threonine biosynthesis|g__Blautia.s__Ruminococcus_torques	7.8273982920
THRESYN-PWY: superpathway of L-threonine biosynthesis|g__Roseburia.s__Roseburia_hominis	7.3746237555
THRESYN-PWY: superpathway of L-threonine biosynthesis|g__Blautia.s__Blautia_obeum	4.6490441000
THRESYN-PWY: superpathway of L-threonine biosynthesis|g__Bifidobacterium.s__Bifidobacterium_pseudocatenulatum	3.9629664289
PWY-7560: methylerythritol phosphate pathway II	832.5640326297
PWY-7560: methylerythritol phosphate pathway II|g__Prevotella.s__Prevotella_copri	295.6886118978
PWY-7560: methylerythritol phosphate pathway II|unclassified	39.1904146439
PWY-7560: methylerythritol phosphate pathway II|g__Collinsella.s__Collinsella_aerofaciens	38.0312436398
PWY-7560: methylerythritol phosphate pathway II|g__Phascolarctobacterium.s__Phascolarctobacterium_succinatutens	30.4298935024
PWY-7560: methylerythritol phosphate pathway II|g__Dorea.s__Dorea_longicatena	13.6735002834
PWY-7560: methylerythritol phosphate pathway II|g__Blautia.s__Ruminococcus_torques	13.4853496745
PWY-7560: methylerythritol phosphate pathway II|g__Anaerostipes.s__Anaerostipes_hadrus	10.3982807541
PWY-7199: pyrimidine deoxyribonucleosides salvage	821.4705000974
PWY-7199: pyrimidine deoxyribonucleosides salvage|unclassified	70.4318803086
PWY-7199: pyrimidine deoxyribonucleosides salvage|g__Blautia.s__Blautia_sp	15.4373927959
PWY-7199: pyrimidine deoxyribonucleosides salvage|g__Firmicutes_unclassified.s__Firmicutes_bacterium_CAG_176	13.8490454051
PWY-7199: pyrimidine deoxyribonucleosides salvage|g__Roseburia.s__Roseburia_hominis	5.4196683042
PWY-5154: L-arginine biosynthesis III (via N-acetyl-L-citrulline)	789.5015573396
PWY-5154: L-arginine biosynthesis III (via N-acetyl-L-citrulline)|unclassified	18.5283018682
PWY-7357: thiamine phosphate formation from pyrithiamine and oxythiamine (yeast)	786.4614865920
PWY-7357: thiamine phosphate formation from pyrithiamine and oxythiamine (yeast)|g__Prevotella.s__Prevotella_copri	194.7665222309
PWY-7357: thiamine phosphate formation from pyrithiamine and oxythiamine (yeast)|g__Bifidobacterium.s__Bifidobacterium_adolescentis	116.4431599348
PWY-7357: thiamine phosphate formation from pyrithiamine and oxythiamine (yeast)|g__Faecalibacterium.s__Faecalibacterium_prausnitzii	93.8067742506
PWY-7357: thiamine phosphate formation from pyrithiamine and oxythiamine (yeast)|unclassified	49.5590619755
PWY-7357: thiamine phosphate formation from pyrithiamine and oxythiamine (yeast)|g__Collinsella.s__Collinsella_aerofaciens	39.2938917202
PWY-7357: thiamine phosphate formation from pyrithiamine and oxythiamine (yeast)|g__Coprococcus.s__Coprococcus_eutactus	21.7700745206
PWY-7357: thiamine phosphate formation from pyrithiamine and oxythiamine (yeast)|g__Roseburia.s__Roseburia_faecis	20.2541623024
PWY-7357: thiamine phosphate formation from pyrithiamine and oxythiamine (yeast)|g__Blautia.s__Ruminococcus_torques	15.3047280678
PWY-7357: thiamine phosphate formation from pyrithiamine and oxythiamine (yeast)|g__Holdemanella.s__Holdemanella_biformis	14.2125097348
PWY-7357: thiamine phosphate formation from pyrithiamine and oxythiamine (yeast)|g__Dorea.s__Dorea_longicatena	10.4070853587
PWY-7357: thiamine phosphate formation from pyrithiamine and oxythiamine (yeast)|g__Blautia.s__Blautia_wexlerae	7.0214814406
PWY-7357: thiamine phosphate formation from pyrithiamine and oxythiamine (yeast)|g__Blautia.s__Blautia_obeum	4.3880161919
PWY-7357: thiamine phosphate formation from pyrithiamine and oxythiamine (yeast)|g__Anaerostipes.s__Anaerostipes_hadrus	3.0028112898
PWY-5973: cis-vaccenate biosynthesis	779.9774730729
PWY-5973: cis-vaccenate biosynthesis|unclassified	57.5924022222
PWY-5973: cis-vaccenate biosynthesis|g__Blautia.s__Ruminococcus_torques	30.0288296929
PWY-5973: cis-vaccenate biosynthesis|g__Lactobacillus.s__Lactobacillus_ruminis	16.6230663170
PWY-6936: seleno-amino acid biosynthesis (plants)	772.7847040097
PWY-6936: seleno-amino acid biosynthesis (plants)|unclassified	46.7525762611
PWY-6936: seleno-amino acid biosynthesis (plants)|g__Coprococcus.s__Coprococcus_eutactus	31.8792356912
PWY-6936: seleno-amino acid biosynthesis (plants)|g__Lactobacillus.s__Lactobacillus_ruminis	22.3085747451
PWY-6936: seleno-amino acid biosynthesis (plants)|g__Blautia.s__Ruminococcus_torques	16.0914982501
PWY-6936: seleno-amino acid biosynthesis (plants)|g__Holdemanella.s__Holdemanella_biformis	15.9059492658
PWY-6936: seleno-amino acid biosynthesis (plants)|g__Ruminococcus.s__Ruminococcus_sp_CAG_330	13.9411523391
PWY-6936: seleno-amino acid biosynthesis (plants)|g__Dorea.s__Dorea_longicatena	13.0009405818
PWY-6936: seleno-amino acid biosynthesis (plants)|g__Roseburia.s__Roseburia_faecis	12.3728469037
PWY-6936: seleno-amino acid biosynthesis (plants)|g__Anaerostipes.s__Anaerostipes_hadrus	11.8343014984
PWY-6897: thiamine diphosphate salvage II	719.8013507060
PWY-6897: thiamine diphosphate salvage II|g__Prevotella.s__Prevotella_copri	196.7226729998
PWY-6897: thiamine diphosphate salvage II|g__Bifidobacterium.s__Bifidobacterium_adolescentis	101.4720748469
PWY-6897: thiamine diphosphate salvage II|unclassified	57.7844073977
PWY-6897: thiamine diphosphate salvage II|g__Faecalibacterium.s__Faecalibacterium_prausnitzii	57.6713845476
PWY-6897: thiamine diphosphate salvage II|g__Dorea.s__Dorea_longicatena	8.1772377992
UDPNAGSYN-PWY: UDP-N-acetyl-D-glucosamine biosynthesis I	719.2700897057
UDPNAGSYN-PWY: UDP-N-acetyl-D-glucosamine biosynthesis I|g__Bifidobacterium.s__Bifidobacterium_adolescentis	173.0087666735
UDPNAGSYN-PWY: UDP-N-acetyl-D-glucosamine biosynthesis I|g__Collinsella.s__Collinsella_aerofaciens	64.4966653152
UDPNAGSYN-PWY: UDP-N-acetyl-D-glucosamine biosynthesis I|g__Succinatimonas.s__Succinatimonas_sp_CAG_777	47.5577929348
UDPNAGSYN-PWY: UDP-N-acetyl-D-glucosamine biosynthesis I|g__Phascolarctobacterium.s__Phascolarctobacterium_succinatutens	35.3930785986
UDPNAGSYN-PWY: UDP-N-acetyl-D-glucosamine biosynthesis I|g__Clostridium.s__Clostridium_sp_CAG_217	33.2544665313
UDPNAGSYN-PWY: UDP-N-acetyl-D-glucosamine biosynthesis I|g__Ruminococcus.s__Ruminococcus_sp_CAG_330	29.3096218003
UDPNAGSYN-PWY: UDP-N-acetyl-D-glucosamine biosynthesis I|unclassified	26.1362758535
UDPNAGSYN-PWY: UDP-N-acetyl-D-glucosamine biosynthesis I|g__Lactobacillus.s__Lactobacillus_ruminis	15.5188962760
UDPNAGSYN-PWY: UDP-N-acetyl-D-glucosamine biosynthesis I|g__Bifidobacterium.s__Bifidobacterium_longum	10.0234209498
UDPNAGSYN-PWY: UDP-N-acetyl-D-glucosamine biosynthesis I|g__Sutterella.s__Sutterella_sp_CAG_397	8.9496263886
UDPNAGSYN-PWY: UDP-N-acetyl-D-glucosamine biosynthesis I|g__Bifidobacterium.s__Bifidobacterium_catenulatum	7.4239627867
UDPNAGSYN-PWY: UDP-N-acetyl-D-glucosamine biosynthesis I|g__Roseburia.s__Roseburia_hominis	5.1327675883
UDPNAGSYN-PWY: UDP-N-acetyl-D-glucosamine biosynthesis I|g__Bifidobacterium.s__Bifidobacterium_pseudocatenulatum	4.1242458522
UDPNAGSYN-PWY: UDP-N-acetyl-D-glucosamine biosynthesis I|g__Catenibacterium.s__Catenibacterium_mitsuokai	2.9015784587
PWY-8178: pentose phosphate pathway (non-oxidative branch) II	711.6434926978
PWY-8178: pentose phosphate pathway (non-oxidative branch) II|unclassified	47.6784604413
PWY-8178: pentose phosphate pathway (non-oxidative branch) II|g__Collinsella.s__Collinsella_aerofaciens	43.3362862010
PWY-8178: pentose phosphate pathway (non-oxidative branch) II|g__Anaerostipes.s__Anaerostipes_hadrus	30.8258295697
PWY-8178: pentose phosphate pathway (non-oxidative branch) II|g__Coprococcus.s__Coprococcus_eutactus	27.7920326346
PWY-8178: pentose phosphate pathway (non-oxidative branch) II|g__Prevotella.s__Prevotella_copri	25.2387361911
PWY-8178: pentose phosphate pathway (non-oxidative branch) II|g__Blautia.s__Blautia_sp	23.9411568677
PWY-8178: pentose phosphate pathway (non-oxidative branch) II|g__Eubacterium.s__Eubacterium_hallii	22.5501404265
PWY-8178: pentose phosphate pathway (non-oxidative branch) II|g__Roseburia.s__Roseburia_faecis	20.1721046397
PWY-8178: pentose phosphate pathway (non-oxidative branch) II|g__Lactobacillus.s__Lactobacillus_ruminis	13.0352920039
PWY-8178: pentose phosphate pathway (non-oxidative branch) II|g__Faecalibacterium.s__Faecalibacterium_prausnitzii	9.6834460953
PWY-8178: pentose phosphate pathway (non-oxidative branch) II|g__Blautia.s__Blautia_obeum	3.3895011796
PWY-8178: pentose phosphate pathway (non-oxidative branch) II|g__Blautia.s__Ruminococcus_torques	3.3268341939
PWY-7663: gondoate biosynthesis (anaerobic)	703.8905554635
PWY-7663: gondoate biosynthesis (anaerobic)|unclassified	50.0224053866
PWY-7663: gondoate biosynthesis (anaerobic)|g__Lactobacillus.s__Lactobacillus_ruminis	19.7526168959
PWY-7663: gondoate biosynthesis (anaerobic)|g__Bifidobacterium.s__Bifidobacterium_longum	12.8082086398
PYRIDNUCSYN-PWY: NAD de novo biosynthesis I (from aspartate)	703.5750846036
PYRIDNUCSYN-PWY: NAD de novo biosynthesis I (from aspartate)|unclassified	47.8778941335
PYRIDNUCSYN-PWY: NAD de novo biosynthesis I (from aspartate)|g__Coprococcus.s__Coprococcus_eutactus	17.4379312392
PYRIDNUCSYN-PWY: NAD de novo biosynthesis I (from aspartate)|g__Anaerostipes.s__Anaerostipes_hadrus	16.5958576739
PYRIDNUCSYN-PWY: NAD de novo biosynthesis I (from aspartate)|g__Lactobacillus.s__Lactobacillus_ruminis	14.6148663405
PYRIDNUCSYN-PWY: NAD de novo biosynthesis I (from aspartate)|g__Bifidobacterium.s__Bifidobacterium_longum	10.8870545851
PWY-6270: isoprene biosynthesis I	703.1174672254
PWY-6270: isoprene biosynthesis I|unclassified	41.5282887841
PWY-6270: isoprene biosynthesis I|g__Collinsella.s__Collinsella_aerofaciens	37.5207344289
PWY-6270: isoprene biosynthesis I|g__Phascolarctobacterium.s__Phascolarctobacterium_succinatutens	29.7910581484
PWY-6270: isoprene biosynthesis I|g__Dorea.s__Dorea_longicatena	14.1446166679
PWY-6270: isoprene biosynthesis I|g__Anaerostipes.s__Anaerostipes_hadrus	10.1627538448
PWY-6123: inosine-5'-phosphate biosynthesis I	697.0148554120
PWY-6123: inosine-5'-phosphate biosynthesis I|g__Bifidobacterium.s__Bifidobacterium_adolescentis	138.1574441178
PWY-6123: inosine-5'-phosphate biosynthesis I|g__Faecalibacterium.s__Faecalibacterium_prausnitzii	70.0227411647
PWY-6123: inosine-5'-phosphate biosynthesis I|unclassified	52.9456902008
PWY-6123: inosine-5'-phosphate biosynthesis I|g__Succinatimonas.s__Succinatimonas_sp_CAG_777	35.7026104485
PWY-6123: inosine-5'-phosphate biosynthesis I|g__Collinsella.s__Collinsella_aerofaciens	35.3394586177
PWY-6123: inosine-5'-phosphate biosynthesis I|g__Blautia.s__Ruminococcus_torques	21.2231897312
PWY-6123: inosine-5'-phosphate biosynthesis I|g__Holdemanella.s__Holdemanella_biformis	15.6939676312
PWY-6123: inosine-5'-phosphate biosynthesis I|g__Anaerostipes.s__Anaerostipes_hadrus	15.6134271693
PWY-6123: inosine-5'-phosphate biosynthesis I|g__Lactobacillus.s__Lactobacillus_ruminis	8.7254555250
PWY-6123: inosine-5'-phosphate biosynthesis I|g__Bifidobacterium.s__Bifidobacterium_catenulatum	6.8946305453
PWY-6123: inosine-5'-phosphate biosynthesis I|g__Blautia.s__Blautia_sp	6.7894085227
PWY-6123: inosine-5'-phosphate biosynthesis I|g__Streptococcus.s__Streptococcus_thermophilus	5.8287458944
PWY-6123: inosine-5'-phosphate biosynthesis I|g__Blautia.s__Blautia_wexlerae	3.9144951453
PWY-6123: inosine-5'-phosphate biosynthesis I|g__Blautia.s__Blautia_obeum	1.5446003347
PWY-6123: inosine-5'-phosphate biosynthesis I|g__Streptococcus.s__Streptococcus_salivarius	0.9057971014
PWY0-1296: purine ribonucleosides degradation	687.6118744445
PWY0-1296: purine ribonucleosides degradation|unclassified	143.9874874674
PWY0-1296: purine ribonucleosides degradation|g__Faecalibacterium.s__Faecalibacterium_prausnitzii	108.6112697371
PWY0-1296: purine ribonucleosides degradation|g__Blautia.s__Ruminococcus_torques	17.0670942252
PWY0-1296: purine ribonucleosides degradation|g__Dorea.s__Dorea_longicatena	16.6113873145
PWY0-1296: purine ribonucleosides degradation|g__Roseburia.s__Roseburia_faecis	16.3144474839
PWY0-1296: purine ribonucleosides degradation|g__Firmicutes_unclassified.s__Firmicutes_bacterium_CAG_65_45_313	16.2101732812
PWY0-1296: purine ribonucleosides degradation|g__Anaerostipes.s__Anaerostipes_hadrus	15.2725589801
PWY0-1296: purine ribonucleosides degradation|g__Blautia.s__Blautia_sp	15.0467707044
PWY0-1296: purine ribonucleosides degradation|g__Blautia.s__Blautia_obeum	14.4706287693
PWY0-1296: purine ribonucleosides degradation|g__Clostridium.s__Clostridium_sp_44_14	10.9546165884
PWY0-1296: purine ribonucleosides degradation|g__Blautia.s__Blautia_wexlerae	9.0342009034
PWY0-1296: purine ribonucleosides degradation|g__Streptococcus.s__Streptococcus_thermophilus	7.3485600794
PWY0-1296: purine ribonucleosides degradation|g__Ruminococcus.s__Ruminococcus_sp_CAG_177	5.5401662050
PWY-5667: CDP-diacylglycerol biosynthesis I	685.2833410666
PWY-5667: CDP-diacylglycerol biosynthesis I|unclassified	103.8922301139
PWY-5667: CDP-diacylglycerol biosynthesis I|g__Faecalibacterium.s__Faecalibacterium_prausnitzii	71.1322888824
PWY-5667: CDP-diacylglycerol biosynthesis I|g__Succinatimonas.s__Succinatimonas_sp_CAG_777	36.5733157755
PWY-5667: CDP-diacylglycerol biosynthesis I|g__Firmicutes_unclassified.s__Firmicutes_bacterium_CAG_65_45_313	22.1529818263
PWY-5667: CDP-diacylglycerol biosynthesis I|g__Blautia.s__Blautia_sp	12.1028744327
PWY-5667: CDP-diacylglycerol biosynthesis I|g__Roseburia.s__Roseburia_faecis	11.1129269488
PWY-5667: CDP-diacylglycerol biosynthesis I|g__Dorea.s__Dorea_longicatena	9.6636141917
PWY-5667: CDP-diacylglycerol biosynthesis I|g__Eubacterium.s__Eubacterium_hallii	8.8468885091
PWY-5667: CDP-diacylglycerol biosynthesis I|g__Blautia.s__Ruminococcus_torques	5.4085305452
PWY-5667: CDP-diacylglycerol biosynthesis I|g__Lachnospiraceae_unclassified.s__Eubacterium_rectale	3.9207998432
PWY-5667: CDP-diacylglycerol biosynthesis I|g__Blautia.s__Blautia_obeum	1.9937245839
PWY0-1319: CDP-diacylglycerol biosynthesis II	685.2833410666
PWY0-1319: CDP-diacylglycerol biosynthesis II|unclassified	103.8922301139
PWY0-1319: CDP-diacylglycerol biosynthesis II|g__Faecalibacterium.s__Faecalibacterium_prausnitzii	71.1322888824
PWY0-1319: CDP-diacylglycerol biosynthesis II|g__Succinatimonas.s__Succinatimonas_sp_CAG_777	36.5733157755
PWY0-1319: CDP-diacylglycerol biosynthesis II|g__Firmicutes_unclassified.s__Firmicutes_bacterium_CAG_65_45_313	22.1529818263
PWY0-1319: CDP-diacylglycerol biosynthesis II|g__Blautia.s__Blautia_sp	12.1028744327
PWY0-1319: CDP-diacylglycerol biosynthesis II|g__Roseburia.s__Roseburia_faecis	11.1129269488
PWY0-1319: CDP-diacylglycerol biosynthesis II|g__Dorea.s__Dorea_longicatena	9.6636141917
PWY0-1319: CDP-diacylglycerol biosynthesis II|g__Eubacterium.s__Eubacterium_hallii	8.8468885091
PWY0-1319: CDP-diacylglycerol biosynthesis II|g__Blautia.s__Ruminococcus_torques	5.4085305452
PWY0-1319: CDP-diacylglycerol biosynthesis II|g__Lachnospiraceae_unclassified.s__Eubacterium_rectale	3.9207998432
PWY0-1319: CDP-diacylglycerol biosynthesis II|g__Blautia.s__Blautia_obeum	1.9937245839
PWY-6317: D-galactose degradation I (Leloir pathway)	681.4472066406
PWY-6317: D-galactose degradation I (Leloir pathway)|g__Faecalibacterium.s__Faecalibacterium_prausnitzii	96.2396299801
PWY-6317: D-galactose degradation I (Leloir pathway)|g__Collinsella.s__Collinsella_aerofaciens	38.9913963353
PWY-6317: D-galactose degradation I (Leloir pathway)|g__Anaerostipes.s__Anaerostipes_hadrus	30.0085592255
PWY-6317: D-galactose degradation I (Leloir pathway)|g__Coprococcus.s__Coprococcus_eutactus	21.7702871864
PWY-6317: D-galactose degradation I (Leloir pathway)|unclassified	21.6760019045
PWY-6317: D-galactose degradation I (Leloir pathway)|g__Lactobacillus.s__Lactobacillus_ruminis	17.0913218891
PWY-6317: D-galactose degradation I (Leloir pathway)|g__Roseburia.s__Roseburia_faecis	15.8315075270
PWY-6317: D-galactose degradation I (Leloir pathway)|g__Blautia.s__Ruminococcus_torques	15.8001253357
PWY-6317: D-galactose degradation I (Leloir pathway)|g__Holdemanella.s__Holdemanella_biformis	15.5842206442
PWY-6317: D-galactose degradation I (Leloir pathway)|g__Blautia.s__Blautia_sp	14.8550584461
PWY-6317: D-galactose degradation I (Leloir pathway)|g__Blautia.s__Blautia_wexlerae	8.7365030955
PWY-6317: D-galactose degradation I (Leloir pathway)|g__Bifidobacterium.s__Bifidobacterium_longum	7.7464039978
PWY-6317: D-galactose degradation I (Leloir pathway)|g__Roseburia.s__Roseburia_hominis	7.2246131821
PWY-6317: D-galactose degradation I (Leloir pathway)|g__Blautia.s__Blautia_obeum	5.8943311984
PWY-6527: stachyose degradation	638.9493771833
PWY-6527: stachyose degradation|g__Faecalibacterium.s__Faecalibacterium_prausnitzii	43.3458246467
PWY-6527: stachyose degradation|g__Coprococcus.s__Coprococcus_eutactus	30.7504769121
PWY-6527: stachyose degradation|g__Roseburia.s__Roseburia_faecis	25.0918129560
PWY-6527: stachyose degradation|g__Firmicutes_unclassified.s__Firmicutes_bacterium_CAG_65_45_313	24.5434099021
PWY-6527: stachyose degradation|g__Blautia.s__Ruminococcus_torques	18.7556333731
PWY-6527: stachyose degradation|unclassified	17.2385038224
PWY-6527: stachyose degradation|g__Lactobacillus.s__Lactobacillus_ruminis	12.6991658323
PWY-6527: stachyose degradation|g__Clostridium.s__Clostridium_sp_44_14	9.9675300159
PWY-6527: stachyose degradation|g__Bifidobacterium.s__Bifidobacterium_longum	9.9221014351
PWY-6527: stachyose degradation|g__Dorea.s__Dorea_longicatena	7.4780664198
PWY-6527: stachyose degradation|g__Roseburia.s__Roseburia_hominis	4.7999953751
PWY-6527: stachyose degradation|g__Lachnospiraceae_unclassified.s__Eubacterium_rectale	3.0309153364
ASPASN-PWY: superpathway of L-aspartate and L-asparagine biosynthesis	630.3390373363
ASPASN-PWY: superpathway of L-aspartate and L-asparagine biosynthesis|g__Prevotella.s__Prevotella_copri	146.7501400048
ASPASN-PWY: superpathway of L-aspartate and L-asparagine biosynthesis|g__Prevotella.s__Prevotella_sp_AM42_24	130.0540650455
ASPASN-PWY: superpathway of L-aspartate and L-asparagine biosynthesis|unclassified	109.4229289262
ASPASN-PWY: superpathway of L-aspartate and L-asparagine biosynthesis|g__Blautia.s__Blautia_obeum	4.3915777493
ASPASN-PWY: superpathway of L-aspartate and L-asparagine biosynthesis|g__Blautia.s__Blautia_wexlerae	1.4555028622
PWY-6124: inosine-5'-phosphate biosynthesis II	628.9867757503
PWY-6124: inosine-5'-phosphate biosynthesis II|g__Bifidobacterium.s__Bifidobacterium_adolescentis	120.1042258198
PWY-6124: inosine-5'-phosphate biosynthesis II|g__Faecalibacterium.s__Faecalibacterium_prausnitzii	70.9969315173
PWY-6124: inosine-5'-phosphate biosynthesis II|unclassified	46.8091521002
PWY-6124: inosine-5'-phosphate biosynthesis II|g__Succinatimonas.s__Succinatimonas_sp_CAG_777	36.2174657248
PWY-6124: inosine-5'-phosphate biosynthesis II|g__Collinsella.s__Collinsella_aerofaciens	32.8338456420
PWY-6124: inosine-5'-phosphate biosynthesis II|g__Blautia.s__Blautia_sp	20.8394625870
PWY-6124: inosine-5'-phosphate biosynthesis II|g__Blautia.s__Ruminococcus_torques	20.2914151984
PWY-6124: inosine-5'-phosphate biosynthesis II|g__Anaerostipes.s__Anaerostipes_hadrus	15.9497455571
PWY-6124: inosine-5'-phosphate biosynthesis II|g__Holdemanella.s__Holdemanella_biformis	14.7085861372
PWY-6124: inosine-5'-phosphate biosynthesis II|g__Blautia.s__Blautia_wexlerae	12.0260328240
PWY-6124: inosine-5'-phosphate biosynthesis II|g__Lactobacillus.s__Lactobacillus_ruminis	8.4682153236
PWY-6124: inosine-5'-phosphate biosynthesis II|g__Bifidobacterium.s__Bifidobacterium_catenulatum	6.7318088166
PWY-6124: inosine-5'-phosphate biosynthesis II|g__Sutterella.s__Sutterella_sp_CAG_397	6.5211720720
PWY-6124: inosine-5'-phosphate biosynthesis II|g__Streptococcus.s__Streptococcus_thermophilus	5.9454378673
PWY-6124: inosine-5'-phosphate biosynthesis II|g__Blautia.s__Blautia_obeum	1.3585110719
SER-GLYSYN-PWY: superpathway of L-serine and glycine biosynthesis I	623.4446989999
SER-GLYSYN-PWY: superpathway of L-serine and glycine biosynthesis I|g__Bifidobacterium.s__Bifidobacterium_adolescentis	181.2425892235
SER-GLYSYN-PWY: superpathway of L-serine and glycine biosynthesis I|g__Collinsella.s__Collinsella_aerofaciens	56.1211260441
SER-GLYSYN-PWY: superpathway of L-serine and glycine biosynthesis I|unclassified	50.7285000684
SER-GLYSYN-PWY: superpathway of L-serine and glycine biosynthesis I|g__Phascolarctobacterium.s__Phascolarctobacterium_succinatutens	25.1608693263
SER-GLYSYN-PWY: superpathway of L-serine and glycine biosynthesis I|g__Roseburia.s__Roseburia_faecis	22.1800278931
SER-GLYSYN-PWY: superpathway of L-serine and glycine biosynthesis I|g__Blautia.s__Ruminococcus_torques	15.5124432057
SER-GLYSYN-PWY: superpathway of L-serine and glycine biosynthesis I|g__Dorea.s__Dorea_longicatena	13.7456266061
SER-GLYSYN-PWY: superpathway of L-serine and glycine biosynthesis I|g__Eubacterium.s__Eubacterium_hallii	11.0371468975
SER-GLYSYN-PWY: superpathway of L-serine and glycine biosynthesis I|g__Anaerostipes.s__Anaerostipes_hadrus	10.6520477391
SER-GLYSYN-PWY: superpathway of L-serine and glycine biosynthesis I|g__Bifidobacterium.s__Bifidobacterium_longum	10.4087607069
SER-GLYSYN-PWY: superpathway of L-serine and glycine biosynthesis I|g__Bifidobacterium.s__Bifidobacterium_catenulatum	8.4626234133
SER-GLYSYN-PWY: superpathway of L-serine and glycine biosynthesis I|g__Blautia.s__Blautia_sp	6.7920585162
SER-GLYSYN-PWY: superpathway of L-serine and glycine biosynthesis I|g__Coprococcus.s__Coprococcus_catus	5.3226879574
SER-GLYSYN-PWY: superpathway of L-serine and glycine biosynthesis I|g__Blautia.s__Blautia_obeum	4.0006000900
SER-GLYSYN-PWY: superpathway of L-serine and glycine biosynthesis I|g__Blautia.s__Blautia_wexlerae	3.2622626121
SER-GLYSYN-PWY: superpathway of L-serine and glycine biosynthesis I|g__Bifidobacterium.s__Bifidobacterium_pseudocatenulatum	2.4096385542
SER-GLYSYN-PWY: superpathway of L-serine and glycine biosynthesis I|g__Ruminococcus.s__Ruminococcus_lactaris	1.2938702895
PWY-5100: pyruvate fermentation to acetate and lactate II	609.5522071469
PWY-5100: pyruvate fermentation to acetate and lactate II|g__Bifidobacterium.s__Bifidobacterium_adolescentis	152.9849008730
PWY-5100: pyruvate fermentation to acetate and lactate II|g__Collinsella.s__Collinsella_aerofaciens	60.2959007811
PWY-5100: pyruvate fermentation to acetate and lactate II|unclassified	31.2095476245
PWY-5100: pyruvate fermentation to acetate and lactate II|g__Roseburia.s__Roseburia_faecis	23.1194504942
PWY-5100: pyruvate fermentation to acetate and lactate II|g__Anaerostipes.s__Anaerostipes_hadrus	22.4972935937
PWY-5100: pyruvate fermentation to acetate and lactate II|g__Eubacterium.s__Eubacterium_hallii	22.3280600594
PWY-5100: pyruvate fermentation to acetate and lactate II|g__Coprococcus.s__Coprococcus_eutactus	21.2352038976
PWY-5100: pyruvate fermentation to acetate and lactate II|g__Lactobacillus.s__Lactobacillus_ruminis	18.9261654237
PWY-5100: pyruvate fermentation to acetate and lactate II|g__Holdemanella.s__Holdemanella_biformis	16.7059496981
PWY-5100: pyruvate fermentation to acetate and lactate II|g__Blautia.s__Blautia_sp	14.3958841653
PWY-5100: pyruvate fermentation to acetate and lactate II|g__Bifidobacterium.s__Bifidobacterium_longum	11.5083362335
PWY-5100: pyruvate fermentation to acetate and lactate II|g__Blautia.s__Ruminococcus_torques	8.6150093423
PWY-5100: pyruvate fermentation to acetate and lactate II|g__Blautia.s__Blautia_obeum	5.9566732190
PWY-5100: pyruvate fermentation to acetate and lactate II|g__Roseburia.s__Roseburia_hominis	4.3583836554
PWY-5100: pyruvate fermentation to acetate and lactate II|g__Blautia.s__Blautia_wexlerae	3.9129621123
P41-PWY: pyruvate fermentation to acetate and (S)-lactate I	609.5522071469
P41-PWY: pyruvate fermentation to acetate and (S)-lactate I|g__Bifidobacterium.s__Bifidobacterium_adolescentis	152.9849008730
P41-PWY: pyruvate fermentation to acetate and (S)-lactate I|g__Collinsella.s__Collinsella_aerofaciens	60.2959007811
P41-PWY: pyruvate fermentation to acetate and (S)-lactate I|unclassified	31.2095476245
P41-PWY: pyruvate fermentation to acetate and (S)-lactate I|g__Roseburia.s__Roseburia_faecis	23.1194504942
P41-PWY: pyruvate fermentation to acetate and (S)-lactate I|g__Anaerostipes.s__Anaerostipes_hadrus	19.4246266026
P41-PWY: pyruvate fermentation to acetate and (S)-lactate I|g__Lactobacillus.s__Lactobacillus_ruminis	18.9261654237
P41-PWY: pyruvate fermentation to acetate and (S)-lactate I|g__Eubacterium.s__Eubacterium_hallii	17.7287772811
P41-PWY: pyruvate fermentation to acetate and (S)-lactate I|g__Holdemanella.s__Holdemanella_biformis	16.7059496981
P41-PWY: pyruvate fermentation to acetate and (S)-lactate I|g__Coprococcus.s__Coprococcus_eutactus	16.0292011472
P41-PWY: pyruvate fermentation to acetate and (S)-lactate I|g__Blautia.s__Blautia_sp	14.3958841653
P41-PWY: pyruvate fermentation to acetate and (S)-lactate I|g__Bifidobacterium.s__Bifidobacterium_longum	11.5083362335
P41-PWY: pyruvate fermentation to acetate and (S)-lactate I|g__Blautia.s__Ruminococcus_torques	8.6150093423
P41-PWY: pyruvate fermentation to acetate and (S)-lactate I|g__Blautia.s__Blautia_obeum	5.9566732190
P41-PWY: pyruvate fermentation to acetate and (S)-lactate I|g__Roseburia.s__Roseburia_hominis	4.3583836554
P41-PWY: pyruvate fermentation to acetate and (S)-lactate I|g__Blautia.s__Blautia_wexlerae	3.9129621123
PWY-6628: superpathway of L-phenylalanine biosynthesis	599.4098112049
GLUCONEO-PWY: gluconeogenesis I	588.4767085798
NONOXIPENT-PWY: pentose phosphate pathway (non-oxidative branch) I	573.5031814167
NONOXIPENT-PWY: pentose phosphate pathway (non-oxidative branch) I|g__Collinsella.s__Collinsella_aerofaciens	64.3234153364
NONOXIPENT-PWY: pentose phosphate pathway (non-oxidative branch) I|unclassified	50.6816227410
NONOXIPENT-PWY: pentose phosphate pathway (non-oxidative branch) I|g__Succinatimonas.s__Succinatimonas_sp_CAG_777	42.3459657171
NONOXIPENT-PWY: pentose phosphate pathway (non-oxidative branch) I|g__Eubacterium.s__Eubacterium_hallii	28.3109262895
NONOXIPENT-PWY: pentose phosphate pathway (non-oxidative branch) I|g__Anaerostipes.s__Anaerostipes_hadrus	26.9377132505
NONOXIPENT-PWY: pentose phosphate pathway (non-oxidative branch) I|g__Phascolarctobacterium.s__Phascolarctobacterium_succinatutens	26.4408475364
NONOXIPENT-PWY: pentose phosphate pathway (non-oxidative branch) I|g__Coprococcus.s__Coprococcus_eutactus	25.3083613376
NONOXIPENT-PWY: pentose phosphate pathway (non-oxidative branch) I|g__Blautia.s__Blautia_sp	21.3943886647
NONOXIPENT-PWY: pentose phosphate pathway (non-oxidative branch) I|g__Roseburia.s__Roseburia_faecis	21.3576309795
NONOXIPENT-PWY: pentose phosphate pathway (non-oxidative branch) I|g__Prevotella.s__Prevotella_copri	14.1648894115
NONOXIPENT-PWY: pentose phosphate pathway (non-oxidative branch) I|g__Lactobacillus.s__Lactobacillus_ruminis	12.0347805157
NONOXIPENT-PWY: pentose phosphate pathway (non-oxidative branch) I|g__Faecalibacterium.s__Faecalibacterium_prausnitzii	5.4740485822
NONOXIPENT-PWY: pentose phosphate pathway (non-oxidative branch) I|g__Blautia.s__Blautia_obeum	5.2596975674
NONOXIPENT-PWY: pentose phosphate pathway (non-oxidative branch) I|g__Lachnospiraceae_unclassified.s__Eubacterium_rectale	3.6133694670
NONOXIPENT-PWY: pentose phosphate pathway (non-oxidative branch) I|g__Blautia.s__Ruminococcus_torques	2.7192386132
PHOSLIPSYN-PWY: superpathway of phospholipid biosynthesis I (bacteria)	569.8942277497
GLYCOLYSIS: glycolysis I (from glucose 6-phosphate)	562.2037907500
DAPLYSINESYN-PWY: L-lysine biosynthesis I	546.8632003687
DAPLYSINESYN-PWY: L-lysine biosynthesis I|g__Bifidobacterium.s__Bifidobacterium_adolescentis	189.2906471291
DAPLYSINESYN-PWY: L-lysine biosynthesis I|g__Bifidobacterium.s__Bifidobacterium_longum	15.6227202971
DAPLYSINESYN-PWY: L-lysine biosynthesis I|g__Bifidobacterium.s__Bifidobacterium_catenulatum	11.6308043870
DAPLYSINESYN-PWY: L-lysine biosynthesis I|g__Bifidobacterium.s__Bifidobacterium_pseudocatenulatum	2.4042837179
ANAEROFRUCAT-PWY: homolactic fermentation	537.5765566178
PWY66-429: fatty acid biosynthesis initiation (mitochondria)	535.7320940644
PWY66-429: fatty acid biosynthesis initiation (mitochondria)|g__Succinatimonas.s__Succinatimonas_sp_CAG_777	31.4701569932
PWY66-429: fatty acid biosynthesis initiation (mitochondria)|g__Blautia.s__Blautia_sp	26.0785645352
PWY66-429: fatty acid biosynthesis initiation (mitochondria)|g__Blautia.s__Ruminococcus_torques	20.9508518707
PWY66-429: fatty acid biosynthesis initiation (mitochondria)|g__Ruminococcus.s__Ruminococcus_sp_CAG_330	19.8911845240
PWY66-429: fatty acid biosynthesis initiation (mitochondria)|unclassified	16.5801927179
PWY66-429: fatty acid biosynthesis initiation (mitochondria)|g__Dorea.s__Dorea_longicatena	14.2064372919
PWY66-429: fatty acid biosynthesis initiation (mitochondria)|g__Lactobacillus.s__Lactobacillus_ruminis	13.0029085453
PWY66-429: fatty acid biosynthesis initiation (mitochondria)|g__Anaerostipes.s__Anaerostipes_hadrus	10.7388425462
PWY66-429: fatty acid biosynthesis initiation (mitochondria)|g__Blautia.s__Blautia_obeum	8.8059974111
PWY66-429: fatty acid biosynthesis initiation (mitochondria)|g__Clostridium.s__Clostridium_sp_44_14	7.6531081553
PWY66-429: fatty acid biosynthesis initiation (mitochondria)|g__Roseburia.s__Roseburia_hominis	6.8570082304
PWY66-429: fatty acid biosynthesis initiation (mitochondria)|g__Catenibacterium.s__Catenibacterium_mitsuokai	6.7767894960
PWY66-429: fatty acid biosynthesis initiation (mitochondria)|g__Blautia.s__Blautia_wexlerae	4.4815624742
PWY66-429: fatty acid biosynthesis initiation (mitochondria)|g__Faecalibacterium.s__Faecalibacterium_prausnitzii	3.0955747908
PWY66-429: fatty acid biosynthesis initiation (mitochondria)|g__Streptococcus.s__Streptococcus_thermophilus	2.1944863530
PWY-6703: preQ0 biosynthesis	527.9620325323
PWY-6703: preQ0 biosynthesis|g__Prevotella.s__Prevotella_copri	139.0095759058
PWY-6703: preQ0 biosynthesis|g__Prevotella.s__Prevotella_sp_CAG_5226	42.5159895090
PWY-6703: preQ0 biosynthesis|unclassified	36.6436555383
PWY-6703: preQ0 biosynthesis|g__Succinatimonas.s__Succinatimonas_sp_CAG_777	36.5610665228
PWY-6703: preQ0 biosynthesis|g__Coprococcus.s__Coprococcus_eutactus	29.8516030885
PWY-6703: preQ0 biosynthesis|g__Ruminococcus.s__Ruminococcus_sp_CAG_330	28.2199710564
PWY-6703: preQ0 biosynthesis|g__Phascolarctobacterium.s__Phascolarctobacterium_succinatutens	21.4321734745
PWY-6703: preQ0 biosynthesis|g__Prevotella.s__Prevotella_sp_CAG_386	19.4489465154
PWY-6703: preQ0 biosynthesis|g__Prevotella.s__Prevotella_sp_CAG_1092	19.0550430904
PWY-6703: preQ0 biosynthesis|g__Prevotella.s__Prevotella_sp_885	16.5680473373
PWY-6703: preQ0 biosynthesis|g__Anaerostipes.s__Anaerostipes_hadrus	13.0262851826
PWY-6703: preQ0 biosynthesis|g__Blautia.s__Blautia_sp	12.8520938203
PWY-6703: preQ0 biosynthesis|g__Blautia.s__Blautia_obeum	10.3600103600
PWY-6703: preQ0 biosynthesis|g__Blautia.s__Ruminococcus_torques	7.6076620024
PWY-1269: CMP-3-deoxy-D-manno-octulosonate biosynthesis	514.0091979783
PWY-1269: CMP-3-deoxy-D-manno-octulosonate biosynthesis|g__Prevotella.s__Prevotella_copri	168.6011981683
PWY-1269: CMP-3-deoxy-D-manno-octulosonate biosynthesis|g__Prevotella.s__Prevotella_sp_AM42_24	95.9998919829
PWY-1269: CMP-3-deoxy-D-manno-octulosonate biosynthesis|unclassified	65.0018152747
PWY-1269: CMP-3-deoxy-D-manno-octulosonate biosynthesis|g__Prevotella.s__Prevotella_sp_CAG_732	49.2623429740
PWY-1269: CMP-3-deoxy-D-manno-octulosonate biosynthesis|g__Succinatimonas.s__Succinatimonas_sp_CAG_777	33.6859656831
RIBOSYN2-PWY: flavin biosynthesis I (bacteria and plants)	513.5706077891
RIBOSYN2-PWY: flavin biosynthesis I (bacteria and plants)|g__Faecalibacterium.s__Faecalibacterium_prausnitzii	48.1644877759
RIBOSYN2-PWY: flavin biosynthesis I (bacteria and plants)|g__Phascolarctobacterium.s__Phascolarctobacterium_succinatutens	25.1188771088
RIBOSYN2-PWY: flavin biosynthesis I (bacteria and plants)|g__Coprococcus.s__Coprococcus_eutactus	22.4315945611
RIBOSYN2-PWY: flavin biosynthesis I (bacteria and plants)|g__Roseburia.s__Roseburia_faecis	17.3259285615
RIBOSYN2-PWY: flavin biosynthesis I (bacteria and plants)|g__Blautia.s__Blautia_obeum	5.9771855171
THISYN-PWY: superpathway of thiamine diphosphate biosynthesis I	507.1411771113
PWY-5484: glycolysis II (from fructose 6-phosphate)	494.0491604280
PWY-7229: superpathway of adenosine nucleotides de novo biosynthesis I	475.2051984139
PWY-7229: superpathway of adenosine nucleotides de novo biosynthesis I|g__Prevotella.s__Prevotella_sp_CAG_520	21.0555621544
PWY-7229: superpathway of adenosine nucleotides de novo biosynthesis I|g__Prevotella.s__Prevotella_sp_885	14.8908455158
PWY4FS-7: phosphatidylglycerol biosynthesis I (plastidic)	435.1105327984
PWY4FS-8: phosphatidylglycerol biosynthesis II (non-plastidic)	435.1105327984
PWY-841: superpathway of purine nucleotides de novo biosynthesis I	432.1378859462
PWY-6901: superpathway of glucose and xylose degradation	419.2918542717
P124-PWY: Bifidobacterium shunt	417.2378746190
P124-PWY: Bifidobacterium shunt|g__Collinsella.s__Collinsella_aerofaciens	33.6355886228
P124-PWY: Bifidobacterium shunt|g__Bifidobacterium.s__Bifidobacterium_pseudocatenulatum	5.2973617247
PWY-5384: sucrose degradation IV (sucrose phosphorylase)	415.3110600607
PWY-5384: sucrose degradation IV (sucrose phosphorylase)|g__Bifidobacterium.s__Bifidobacterium_adolescentis	200.9814466261
PWY-5384: sucrose degradation IV (sucrose phosphorylase)|g__Coprococcus.s__Coprococcus_eutactus	32.4122348591
PWY-5384: sucrose degradation IV (sucrose phosphorylase)|g__Anaerostipes.s__Anaerostipes_hadrus	20.2730896299
PWY-5384: sucrose degradation IV (sucrose phosphorylase)|g__Bifidobacterium.s__Bifidobacterium_catenulatum	12.5188631034
PWY-5384: sucrose degradation IV (sucrose phosphorylase)|g__Bifidobacterium.s__Bifidobacterium_longum	9.5554542098
PWY-5384: sucrose degradation IV (sucrose phosphorylase)|g__Bifidobacterium.s__Bifidobacterium_pseudocatenulatum	2.1731537894
PWY-7234: inosine-5'-phosphate biosynthesis III	409.9900378209
PWY-7234: inosine-5'-phosphate biosynthesis III|g__Bifidobacterium.s__Bifidobacterium_adolescentis	138.1574441178
PWY-7234: inosine-5'-phosphate biosynthesis III|g__Bifidobacterium.s__Bifidobacterium_catenulatum	4.8749261375
PWY-7234: inosine-5'-phosphate biosynthesis III|g__Streptococcus.s__Streptococcus_thermophilus	4.5377279668
PWY0-162: superpathway of pyrimidine ribonucleotides de novo biosynthesis	404.0953426676
PWY0-162: superpathway of pyrimidine ribonucleotides de novo biosynthesis|unclassified	28.1374485392
PWY-7761: NAD salvage pathway II (PNC IV cycle)	402.7168225877
PWY-7761: NAD salvage pathway II (PNC IV cycle)|unclassified	16.3780459692
PWY-7117: C4 photosynthetic carbon assimilation cycle, PEPCK type	397.5442823385
PWY-241: C4 photosynthetic carbon assimilation cycle, NADP-ME type	395.6217165666
PWY-6147: 6-hydroxymethyl-dihydropterin diphosphate biosynthesis I	375.7382584336
PWY-6147: 6-hydroxymethyl-dihydropterin diphosphate biosynthesis I|g__Prevotella.s__Prevotella_copri	232.4975447458
PWY-6126: superpathway of adenosine nucleotides de novo biosynthesis II	368.1651743727
PWY-6126: superpathway of adenosine nucleotides de novo biosynthesis II|g__Prevotella.s__Prevotella_sp_CAG_520	20.4318004162
PWY-6126: superpathway of adenosine nucleotides de novo biosynthesis II|g__Prevotella.s__Prevotella_sp_885	14.1148769373
PWY-1861: formaldehyde assimilation II (assimilatory RuMP Cycle)	366.3802807615
PWY-1861: formaldehyde assimilation II (assimilatory RuMP Cycle)|unclassified	42.0266611036
PWY-1861: formaldehyde assimilation II (assimilatory RuMP Cycle)|g__Anaerostipes.s__Anaerostipes_hadrus	26.6103719315
PENTOSE-P-PWY: pentose phosphate pathway	365.0047027304
PWY-6823: molybdopterin biosynthesis	357.1761854993
PWY-6823: molybdopterin biosynthesis|unclassified	72.2982034194
PWY-6823: molybdopterin biosynthesis|g__Faecalibacterium.s__Faecalibacterium_prausnitzii	42.1149378623
PWY-6823: molybdopterin biosynthesis|g__Blautia.s__Blautia_obeum	36.7339219617
PWY-6823: molybdopterin biosynthesis|g__Blautia.s__Ruminococcus_torques	22.8309196596
PWY-6823: molybdopterin biosynthesis|g__Blautia.s__Blautia_sp	21.4634146341
PWY-6823: molybdopterin biosynthesis|g__Firmicutes_unclassified.s__Firmicutes_bacterium_CAG_65_45_313	21.3629566332
PWY-6823: molybdopterin biosynthesis|g__Phascolarctobacterium.s__Phascolarctobacterium_succinatutens	17.7200236267
PWY-6823: molybdopterin biosynthesis|g__Holdemanella.s__Holdemanella_biformis	16.5975103734
PWY-6823: molybdopterin biosynthesis|g__Roseburia.s__Roseburia_faecis	13.4680134680
PWY-6823: molybdopterin biosynthesis|g__Anaerostipes.s__Anaerostipes_hadrus	10.9480197748
PWY-6823: molybdopterin biosynthesis|g__Dorea.s__Dorea_formicigenerans	8.0160320641
PWY-6823: molybdopterin biosynthesis|g__Sutterella.s__Sutterella_sp_CAG_397	7.1942446043
PWY-6823: molybdopterin biosynthesis|g__Lachnospiraceae_unclassified.s__Eubacterium_rectale	1.5396458814
FERMENTATION-PWY: mixed acid fermentation	348.7480250797
FERMENTATION-PWY: mixed acid fermentation|unclassified	27.3196681483
PWY-5971: palmitate biosynthesis (type II fatty acid synthase)	344.5450317100
FASYN-ELONG-PWY: fatty acid elongation -- saturated	332.4539793975
FASYN-ELONG-PWY: fatty acid elongation -- saturated|g__Bifidobacterium.s__Bifidobacterium_longum	12.8082086398
PWY-6549: L-glutamine biosynthesis III	330.0917467559
PWY-7228: superpathway of guanosine nucleotides de novo biosynthesis I	324.8246108459
PWY-7228: superpathway of guanosine nucleotides de novo biosynthesis I|unclassified	54.4289308042
PWY-7228: superpathway of guanosine nucleotides de novo biosynthesis I|g__Collinsella.s__Collinsella_aerofaciens	39.8497123389
PWY-7228: superpathway of guanosine nucleotides de novo biosynthesis I|g__Prevotella.s__Prevotella_sp_CAG_520	27.8189975835
PWY-7228: superpathway of guanosine nucleotides de novo biosynthesis I|g__Prevotella.s__Prevotella_sp_885	13.2935600186
PWY-7228: superpathway of guanosine nucleotides de novo biosynthesis I|g__Sutterella.s__Sutterella_sp_CAG_397	6.5509845974
PWY-7228: superpathway of guanosine nucleotides de novo biosynthesis I|g__Prevotella.s__Prevotella_stercorea	0.9509846654
PWY-7664: oleate biosynthesis IV (anaerobic)	303.0233922675
PWY-7664: oleate biosynthesis IV (anaerobic)|g__Bifidobacterium.s__Bifidobacterium_longum	12.8082086398
PWY0-1061: superpathway of L-alanine biosynthesis	298.5963567347
PWY0-1061: superpathway of L-alanine biosynthesis|g__Bifidobacterium.s__Bifidobacterium_adolescentis	163.3099895915
PWY0-1061: superpathway of L-alanine biosynthesis|unclassified	8.6915282655
PWY0-1061: superpathway of L-alanine biosynthesis|g__Lachnospiraceae_unclassified.s__Eubacterium_rectale	6.0650175825
PWY0-1061: superpathway of L-alanine biosynthesis|g__Blautia.s__Ruminococcus_torques	2.3920705885
PWY-6630: superpathway of L-tyrosine biosynthesis	293.1055338550
PWY-6630: superpathway of L-tyrosine biosynthesis|g__Phascolarctobacterium.s__Phascolarctobacterium_succinatutens	31.5931971410
PWY-6630: superpathway of L-tyrosine biosynthesis|unclassified	19.5824412956
RHAMCAT-PWY: L-rhamnose degradation I	292.8161790991
RHAMCAT-PWY: L-rhamnose degradation I|g__Prevotella.s__Prevotella_sp_AM42_24	118.7225793120
RHAMCAT-PWY: L-rhamnose degradation I|g__Prevotella.s__Prevotella_sp_CAG_732	49.0855650409
RHAMCAT-PWY: L-rhamnose degradation I|g__Roseburia.s__Roseburia_faecis	15.5318263764
RHAMCAT-PWY: L-rhamnose degradation I|unclassified	8.5218777401
RHAMCAT-PWY: L-rhamnose degradation I|g__Blautia.s__Ruminococcus_torques	7.0032327300
THISYNARA-PWY: superpathway of thiamine diphosphate biosynthesis III (eukaryotes)	284.1873709272
THISYNARA-PWY: superpathway of thiamine diphosphate biosynthesis III (eukaryotes)|g__Faecalibacterium.s__Faecalibacterium_prausnitzii	40.2154824759
THISYNARA-PWY: superpathway of thiamine diphosphate biosynthesis III (eukaryotes)|g__Roseburia.s__Roseburia_faecis	23.4759904351
THISYNARA-PWY: superpathway of thiamine diphosphate biosynthesis III (eukaryotes)|unclassified	20.8740062860
THISYNARA-PWY: superpathway of thiamine diphosphate biosynthesis III (eukaryotes)|g__Dorea.s__Dorea_longicatena	7.2621641249
PWY-6125: superpathway of guanosine nucleotides de novo biosynthesis II	281.5928304064
PWY-6125: superpathway of guanosine nucleotides de novo biosynthesis II|g__Prevotella.s__Prevotella_sp_CAG_520	24.0154376023
PWY-6125: superpathway of guanosine nucleotides de novo biosynthesis II|g__Prevotella.s__Prevotella_sp_885	11.0002729638
PWY-7208: superpathway of pyrimidine nucleobases salvage	279.8843454516
PWY-7208: superpathway of pyrimidine nucleobases salvage|unclassified	62.7378360947
PWY-7208: superpathway of pyrimidine nucleobases salvage|g__Collinsella.s__Collinsella_aerofaciens	32.4805178565
PWY-7208: superpathway of pyrimidine nucleobases salvage|g__Phascolarctobacterium.s__Phascolarctobacterium_succinatutens	31.0861776451
PWY-7208: superpathway of pyrimidine nucleobases salvage|g__Blautia.s__Blautia_sp	15.0204824761
PWY-6282: palmitoleate biosynthesis I (from (5Z)-dodec-5-enoate)	278.7161524002
PWY-6282: palmitoleate biosynthesis I (from (5Z)-dodec-5-enoate)|g__Bifidobacterium.s__Bifidobacterium_longum	12.8082086398
PWY-5989: stearate biosynthesis II (bacteria and plants)	276.4400827288
PWY0-862: (5Z)-dodecenoate biosynthesis I	271.0324245717
PWY0-862: (5Z)-dodecenoate biosynthesis I|g__Bifidobacterium.s__Bifidobacterium_longum	12.8082086398
PWY-2941: L-lysine biosynthesis II	266.6788967384
PWY-2941: L-lysine biosynthesis II|g__Lactobacillus.s__Lactobacillus_ruminis	12.3914642993
PWY-2941: L-lysine biosynthesis II|g__Roseburia.s__Roseburia_hominis	4.3371548413
PWY-5913: partial TCA cycle (obligate autotrophs)	249.5705355475
PWY-8004: Entner-Doudoroff pathway I	248.7087342538
COBALSYN-PWY: superpathway of adenosylcobalamin salvage from cobinamide I	248.2954300485
COBALSYN-PWY: superpathway of adenosylcobalamin salvage from cobinamide I|g__Collinsella.s__Collinsella_aerofaciens	37.8140844976
COBALSYN-PWY: superpathway of adenosylcobalamin salvage from cobinamide I|g__Faecalibacterium.s__Faecalibacterium_prausnitzii	28.1672364497
COBALSYN-PWY: superpathway of adenosylcobalamin salvage from cobinamide I|g__Dorea.s__Dorea_longicatena	17.1637235745
COBALSYN-PWY: superpathway of adenosylcobalamin salvage from cobinamide I|g__Blautia.s__Blautia_sp	17.1609807663
PWY-7356: thiamine diphosphate salvage IV (yeast)	246.1197909693
PWY-7356: thiamine diphosphate salvage IV (yeast)|g__Bifidobacterium.s__Bifidobacterium_adolescentis	100.3730911792
PWY-7356: thiamine diphosphate salvage IV (yeast)|unclassified	20.6934681908
PWY-7115: C4 photosynthetic carbon assimilation cycle, NAD-ME type	239.2055632427
PWY-7198: pyrimidine deoxyribonucleotides de novo biosynthesis IV	229.2588293291
PWY-5188: tetrapyrrole biosynthesis I (from glutamate)	226.2657712354
PWY-5188: tetrapyrrole biosynthesis I (from glutamate)|g__Phascolarctobacterium.s__Phascolarctobacterium_succinatutens	37.1813792015
PWY-5188: tetrapyrrole biosynthesis I (from glutamate)|g__Coprococcus.s__Coprococcus_eutactus	22.4539373374
PWY-5188: tetrapyrrole biosynthesis I (from glutamate)|g__Ruminococcus.s__Ruminococcus_sp_CAG_330	18.9513966017
PWY-5188: tetrapyrrole biosynthesis I (from glutamate)|g__Roseburia.s__Roseburia_faecis	18.6674883221
PWY-5188: tetrapyrrole biosynthesis I (from glutamate)|g__Blautia.s__Blautia_sp	13.0678623710
PWY-5188: tetrapyrrole biosynthesis I (from glutamate)|g__Anaerostipes.s__Anaerostipes_hadrus	12.5552912912
PWY-5188: tetrapyrrole biosynthesis I (from glutamate)|g__Blautia.s__Blautia_wexlerae	8.1800214408
PWY-5188: tetrapyrrole biosynthesis I (from glutamate)|g__Clostridium.s__Clostridium_sp_44_14	7.5576665704
PWY-5188: tetrapyrrole biosynthesis I (from glutamate)|g__Blautia.s__Blautia_obeum	5.6138194096
PYRIDNUCSAL-PWY: NAD salvage pathway I (PNC VI cycle)	218.4425870687
PWY-7282: 4-amino-2-methyl-5-diphosphomethylpyrimidine biosynthesis II	208.9816047450
PWY-6892: thiazole component of thiamine diphosphate biosynthesis I	207.3996460065
PWY-6892: thiazole component of thiamine diphosphate biosynthesis I|g__Blautia.s__Blautia_sp	31.7915341131
PWY-6892: thiazole component of thiamine diphosphate biosynthesis I|g__Anaerostipes.s__Anaerostipes_hadrus	20.4396328735
PWY-6892: thiazole component of thiamine diphosphate biosynthesis I|g__Blautia.s__Blautia_wexlerae	12.4127191503
PWY-6892: thiazole component of thiamine diphosphate biosynthesis I|g__Blautia.s__Blautia_obeum	5.7130814758
PWY-6892: thiazole component of thiamine diphosphate biosynthesis I|g__Dorea.s__Dorea_formicigenerans	3.0773504867
PWY-7328: superpathway of UDP-glucose-derived O-antigen building blocks biosynthesis	202.6229355616
PWY-7328: superpathway of UDP-glucose-derived O-antigen building blocks biosynthesis|g__Lactobacillus.s__Lactobacillus_ruminis	12.2656027732
GLYCOCAT-PWY: glycogen degradation I	199.4322917370
PWY-6285: superpathway of fatty acids biosynthesis (E. coli)	198.0337615283
PWY3O-4107: NAD salvage pathway V (PNC V cycle)	197.9720095071
COLANSYN-PWY: colanic acid building blocks biosynthesis	196.7975647947
PWY-7197: pyrimidine deoxyribonucleotide phosphorylation	194.7823218990
PWY-7197: pyrimidine deoxyribonucleotide phosphorylation|g__Collinsella.s__Collinsella_aerofaciens	48.2535504743
PWY-7197: pyrimidine deoxyribonucleotide phosphorylation|unclassified	41.2137785815
PWY-7197: pyrimidine deoxyribonucleotide phosphorylation|g__Phascolarctobacterium.s__Phascolarctobacterium_succinatutens	28.2224593857
PWY-6969: TCA cycle V (2-oxoglutarate synthase)	194.2494774522
PWY-7400: L-arginine biosynthesis IV (archaebacteria)	190.7747460331
PWY-7345: superpathway of anaerobic sucrose degradation	184.2668608925
PWY-7220: adenosine deoxyribonucleotides de novo biosynthesis II	179.1586076435
PWY-7220: adenosine deoxyribonucleotides de novo biosynthesis II|g__Prevotella.s__Prevotella_sp_CAG_520	19.4444444444
PWY-7220: adenosine deoxyribonucleotides de novo biosynthesis II|g__Prevotella.s__Prevotella_sp_885	11.3637637651
PWY-7220: adenosine deoxyribonucleotides de novo biosynthesis II|g__Prevotella.s__Prevotella_stercorea	0.5717552887
PWY-7222: guanosine deoxyribonucleotides de novo biosynthesis II	179.1586076435
PWY-7222: guanosine deoxyribonucleotides de novo biosynthesis II|g__Prevotella.s__Prevotella_sp_CAG_520	19.4444444444
PWY-7222: guanosine deoxyribonucleotides de novo biosynthesis II|g__Prevotella.s__Prevotella_sp_885	11.3637637651
PWY-7222: guanosine deoxyribonucleotides de novo biosynthesis II|g__Prevotella.s__Prevotella_stercorea	0.5717552887
PWY66-409: superpathway of purine nucleotide salvage	177.1578714762
PWY-6470: peptidoglycan biosynthesis V (&beta;-lactam resistance)	175.0442971126
PWY-8187: L-arginine degradation XIII (reductive Stickland reaction)	166.5492796321
PWY-8187: L-arginine degradation XIII (reductive Stickland reaction)|unclassified	97.7162224900
PWY66-399: gluconeogenesis III	164.2701075986
LACTOSECAT-PWY: lactose and galactose degradation I	151.2350006965
LACTOSECAT-PWY: lactose and galactose degradation I|g__Collinsella.s__Collinsella_aerofaciens	117.4017144304
LACTOSECAT-PWY: lactose and galactose degradation I|unclassified	11.3618359879
PWY-621: sucrose degradation III (sucrose invertase)	149.9203503807
PWY-621: sucrose degradation III (sucrose invertase)|g__Anaerostipes.s__Anaerostipes_hadrus	22.7472938030
PWY-621: sucrose degradation III (sucrose invertase)|unclassified	15.1125845073
PWY-7383: anaerobic energy metabolism (invertebrates, cytosol)	146.3668733594
PWY-5659: GDP-mannose biosynthesis	145.8502582348
PWY-5659: GDP-mannose biosynthesis|g__Coprococcus.s__Coprococcus_eutactus	26.7429959866
PWY-5659: GDP-mannose biosynthesis|unclassified	9.4758785797
PWY-4041: &gamma;-glutamyl cycle	139.8466616827
PWY-4041: &gamma;-glutamyl cycle|g__Bifidobacterium.s__Bifidobacterium_longum	15.2298069078
GLYCOLYSIS-E-D: superpathway of glycolysis and the Entner-Doudoroff pathway	133.8758145806
PWY-7456: &beta;-(1,4)-mannan degradation	131.4100165571
PWY-7456: &beta;-(1,4)-mannan degradation|g__Coprococcus.s__Coprococcus_eutactus	25.2745680088
PWY-6284: superpathway of unsaturated fatty acids biosynthesis (E. coli)	131.0393967208
PWY0-1261: anhydromuropeptides recycling I	130.6866661929
PWY0-1479: tRNA processing	128.0414783747
PWY-6608: guanosine nucleotides degradation III	126.6159864626
PWY-6608: guanosine nucleotides degradation III|unclassified	23.0906110155
PWY-6608: guanosine nucleotides degradation III|g__Blautia.s__Ruminococcus_torques	16.2913178026
PWY-6608: guanosine nucleotides degradation III|g__Anaerostipes.s__Anaerostipes_hadrus	15.6621451545
PWY-6608: guanosine nucleotides degradation III|g__Blautia.s__Blautia_obeum	5.0627805367
PWY-6608: guanosine nucleotides degradation III|g__Blautia.s__Blautia_wexlerae	3.0034861893
GLUCUROCAT-PWY: superpathway of &beta;-D-glucuronosides degradation	125.7978346850
GLUCUROCAT-PWY: superpathway of &beta;-D-glucuronosides degradation|g__Faecalibacterium.s__Faecalibacterium_prausnitzii	52.7281773965
GLUCUROCAT-PWY: superpathway of &beta;-D-glucuronosides degradation|unclassified	14.8026672683
PWY-702: L-methionine biosynthesis II	121.2838260650
PWY-702: L-methionine biosynthesis II|g__Bifidobacterium.s__Bifidobacterium_longum	14.6964628166
GLCMANNANAUT-PWY: superpathway of N-acetylglucosamine, N-acetylmannosamine and N-acetylneuraminate degradation	119.8510143838
GLCMANNANAUT-PWY: superpathway of N-acetylglucosamine, N-acetylmannosamine and N-acetylneuraminate degradation|g__Faecalibacterium.s__Faecalibacterium_prausnitzii	40.7586803145
GLCMANNANAUT-PWY: superpathway of N-acetylglucosamine, N-acetylmannosamine and N-acetylneuraminate degradation|unclassified	15.5417025737
PWY-7242: D-fructuronate degradation	119.5824558098
PWY-7242: D-fructuronate degradation|g__Faecalibacterium.s__Faecalibacterium_prausnitzii	50.3325181290
PWY-7242: D-fructuronate degradation|unclassified	12.3356708724
PWY-6353: purine nucleotides degradation II (aerobic)	114.6326430854
PWY-6353: purine nucleotides degradation II (aerobic)|unclassified	15.7742147962
PWY-6353: purine nucleotides degradation II (aerobic)|g__Blautia.s__Ruminococcus_torques	12.7612568192
PWY-I9: L-cysteine biosynthesis VI (from L-methionine)	111.1201362816
SALVADEHYPOX-PWY: adenosine nucleotides degradation II	107.9638109188
SALVADEHYPOX-PWY: adenosine nucleotides degradation II|g__Anaerostipes.s__Anaerostipes_hadrus	16.4507066326
SALVADEHYPOX-PWY: adenosine nucleotides degradation II|g__Blautia.s__Ruminococcus_torques	15.0033214347
SALVADEHYPOX-PWY: adenosine nucleotides degradation II|unclassified	8.7799794491
P441-PWY: superpathway of N-acetylneuraminate degradation	107.5886906188
PWY-622: starch biosynthesis	103.6503450389
PWY-7858: (5Z)-dodecenoate biosynthesis II	100.5753910157
BIOTIN-BIOSYNTHESIS-PWY: biotin biosynthesis I	98.6893672825
PWY-6519: 8-amino-7-oxononanoate biosynthesis I	97.4944706518
P42-PWY: incomplete reductive TCA cycle	93.9808517973
PWY-6292: superpathway of L-cysteine biosynthesis (mammalian)	91.9081272108
PWY-5676: acetyl-CoA fermentation to butanoate II	90.7219714945
PWY-5676: acetyl-CoA fermentation to butanoate II|g__Anaerostipes.s__Anaerostipes_hadrus	18.1958107036
ARG+POLYAMINE-SYN: superpathway of arginine and polyamine biosynthesis	90.0299562414
PWY0-845: superpathway of pyridoxal 5'-phosphate biosynthesis and salvage	89.6478571258
PPGPPMET-PWY: ppGpp metabolism	89.2024294557
PPGPPMET-PWY: ppGpp metabolism|unclassified	5.9784470719
PWY-7323: superpathway of GDP-mannose-derived O-antigen building blocks biosynthesis	89.0488706573
PWY-6305: superpathway of putrescine biosynthesis	88.0470140944
PWY0-1241: ADP-L-glycero-&beta;-D-manno-heptose biosynthesis	84.3607796180
PWY0-1241: ADP-L-glycero-&beta;-D-manno-heptose biosynthesis|g__Succinatimonas.s__Succinatimonas_sp_CAG_777	45.4773759609
PWY0-1241: ADP-L-glycero-&beta;-D-manno-heptose biosynthesis|g__Phascolarctobacterium.s__Phascolarctobacterium_succinatutens	29.5854891092
POLYAMSYN-PWY: superpathway of polyamine biosynthesis I	80.9384713489
GALACTUROCAT-PWY: D-galacturonate degradation I	80.2862153088
GALACTUROCAT-PWY: D-galacturonate degradation I|g__Faecalibacterium.s__Faecalibacterium_prausnitzii	54.3242186176
PWY0-1297: superpathway of purine deoxyribonucleosides degradation	79.3994586389
PWY0-1297: superpathway of purine deoxyribonucleosides degradation|unclassified	23.6307668007
PWY0-1297: superpathway of purine deoxyribonucleosides degradation|g__Blautia.s__Ruminococcus_torques	14.7455385495
RUMP-PWY: formaldehyde oxidation I	78.0618191793
METH-ACETATE-PWY: methanogenesis from acetate	77.3053987440
METH-ACETATE-PWY: methanogenesis from acetate|g__Blautia.s__Blautia_wexlerae	9.0813689423
METH-ACETATE-PWY: methanogenesis from acetate|g__Blautia.s__Blautia_obeum	3.1821569037
PWY-6731: starch degradation III	71.1327958215
PWY-6731: starch degradation III|g__Blautia.s__Blautia_sp	16.6557185752
PWY-6731: starch degradation III|g__Eubacterium.s__Eubacterium_hallii	14.1669933022
PWY-6731: starch degradation III|g__Blautia.s__Blautia_wexlerae	7.2688979154
PWY-6731: starch degradation III|g__Blautia.s__Blautia_obeum	7.0478497157
PWY-6731: starch degradation III|g__Lachnospira.s__Lachnospira_pectinoschiza	6.0040294422
PWY-6507: 4-deoxy-L-threo-hex-4-enopyranuronate degradation	70.3735490422
PWY-6507: 4-deoxy-L-threo-hex-4-enopyranuronate degradation|g__Faecalibacterium.s__Faecalibacterium_prausnitzii	49.2384541623
FOLSYN-PWY: superpathway of tetrahydrofolate biosynthesis and salvage	69.5613825544
HISDEG-PWY: L-histidine degradation I	68.4256524887
HISDEG-PWY: L-histidine degradation I|g__Prevotella.s__Prevotella_sp_CAG_1092	18.2572078397
HISDEG-PWY: L-histidine degradation I|g__Prevotella.s__Prevotella_sp_CAG_520	15.5998736025
HISDEG-PWY: L-histidine degradation I|unclassified	10.2971131323
HISDEG-PWY: L-histidine degradation I|g__Prevotella.s__Prevotella_sp_885	9.3135772604
P461-PWY: hexitol fermentation to lactate, formate, ethanol and acetate	67.4807210205
P461-PWY: hexitol fermentation to lactate, formate, ethanol and acetate|g__Anaerostipes.s__Anaerostipes_hadrus	34.7086665211
PWY-7209: superpathway of pyrimidine ribonucleosides degradation	67.0048964571
PYRIDOXSYN-PWY: pyridoxal 5'-phosphate biosynthesis I	66.6850183900
PYRIDOXSYN-PWY: pyridoxal 5'-phosphate biosynthesis I|g__Succinatimonas.s__Succinatimonas_sp_CAG_777	35.1061600172
ORNDEG-PWY: superpathway of ornithine degradation	64.0756647272
P164-PWY: purine nucleobases degradation I (anaerobic)	55.0710348740
PWY-6606: guanosine nucleotides degradation II	53.0804454987
PWY-6606: guanosine nucleotides degradation II|g__Blautia.s__Ruminococcus_torques	10.7423097893
PWY-6606: guanosine nucleotides degradation II|unclassified	7.4914622341
P108-PWY: pyruvate fermentation to propanoate I	52.4030872812
PWY-7315: dTDP-N-acetylthomosamine biosynthesis	48.5416199136
PWY-7315: dTDP-N-acetylthomosamine biosynthesis|unclassified	43.0253797035
PWY-6612: superpathway of tetrahydrofolate biosynthesis	48.0676879130
PWY-7013: (S)-propane-1,2-diol degradation	47.2837940249
PWY-7013: (S)-propane-1,2-diol degradation|g__Eubacterium.s__Eubacterium_hallii	15.1371575347
PWY-5136: fatty acid &beta;-oxidation II (plant peroxisome)	47.2800820293
PWY-6590: superpathway of Clostridium acetobutylicum acidogenic fermentation	45.7466722893
PWY-5367: petroselinate biosynthesis	45.4519830475
PWY-5367: petroselinate biosynthesis|g__Blautia.s__Ruminococcus_torques	28.3898698078
PWY-6902: chitin degradation II (Vibrio)	42.3038203569
FASYN-INITIAL-PWY: superpathway of fatty acid biosynthesis initiation (E. coli)	37.4607536108
NAGLIPASYN-PWY: lipid IVA biosynthesis (E. coli)	35.2226897395
PWY-8073: lipid IVA biosynthesis (P. putida)	35.2226897395
P185-PWY: formaldehyde assimilation III (dihydroxyacetone cycle)	34.9487931349
P185-PWY: formaldehyde assimilation III (dihydroxyacetone cycle)|unclassified	9.9769369248
CENTFERM-PWY: pyruvate fermentation to butanoate	34.9097883133
GOLPDLCAT-PWY: superpathway of glycerol degradation to 1,3-propanediol	30.7956443619
GOLPDLCAT-PWY: superpathway of glycerol degradation to 1,3-propanediol|g__Blautia.s__Ruminococcus_torques	16.7304901012
PWY-8131: 5'-deoxyadenosine degradation II	27.1909186868
PWY-6607: guanosine nucleotides degradation I	27.0428260987
PWY1ZNC-1: assimilatory sulfate reduction IV	26.8940284127
PWY-6595: superpathway of guanosine nucleotides degradation (plants)	24.6269604173
PWY-5265: peptidoglycan biosynthesis II (staphylococci)	23.7336390946
PWY0-1298: superpathway of pyrimidine deoxyribonucleosides degradation	21.5214709657
PWY4LZ-257: superpathway of fermentation (Chlamydomonas reinhardtii)	18.5292354708
PWY0-1477: ethanolamine utilization	16.0045074067
PWY-5981: CDP-diacylglycerol biosynthesis III	15.3887867650
PWY-6588: pyruvate fermentation to acetone	15.2560535424
P161-PWY: acetylene degradation (anaerobic)	15.0078606933
PWY-6435: 4-hydroxybenzoate biosynthesis III (plants)	14.1289795393
HEMESYN2-PWY: heme b biosynthesis II (oxygen-independent)	11.8661572779
HEMESYN2-PWY: heme b biosynthesis II (oxygen-independent)|g__Sutterella.s__Sutterella_sp_CAG_397	8.1336238199
HEME-BIOSYNTHESIS-II: heme b biosynthesis I (aerobic)	11.0432386169
PWY-822: fructan biosynthesis	8.0000000000
PWY-822: fructan biosynthesis|g__Streptococcus.s__Streptococcus_thermophilus	8.0000000000